gene_id,gene_symbol,baseMean,log2FoldChange,lfcSE,pvalue,padj,UP/DOWN,abs_log2FC
ENSG00000253537.3,PCDHGA7,215.1392037413325,5.980255974935202,0.6323744153174807,1.841399370236216e-22,1.612697568452878e-18,Up,5.980255974935202
ENSG00000290588.1,ENSG00000290588,70.75886003401126,5.570619590653171,0.5861754702353142,9.682712211018425e-22,5.653412902939958e-18,Up,5.570619590653171
ENSG00000253731.3,PCDHGA6,248.1761112691984,5.617540925458291,0.6916675923123944,2.197503776655637e-17,7.698295230380023e-14,Up,5.617540925458291
ENSG00000274276.6,ENSG00000274276,56.45310387549556,3.390267123655279,0.4428915829323586,1.247885904450956e-15,3.122567071766134e-12,Up,3.390267123655279
ENSG00000180616.9,SSTR2,3397.4108984631,1.286360312068112,0.169797419182502,1.845369458127388e-15,4.040436428569917e-12,Up,1.286360312068112
ENSG00000269821.2,KCNQ1OT1,756.2783448714295,1.22025011756425,0.1648362104089369,6.774307179281632e-15,1.318430717247745e-11,Up,1.22025011756425
ENSG00000137713.16,PPP2R1B,747.2803876836715,0.828073696603384,0.1165221702354643,6.786140399181797e-14,1.188660352320684e-10,Up,0.828073696603384
ENSG00000249378.8,LINC01060,94.82437389630692,8.6998189191174,1.30334316073546,7.878388728642371e-14,1.254525972462725e-10,Up,8.6998189191174
ENSG00000254681.7,PKD1P5,226.1848615171037,1.982042986225459,0.2824973749656445,1.093855570643338e-13,1.596664514615725e-10,Up,1.982042986225459
ENSG00000180346.5,TIGD2,419.7222367219794,0.9496885825936996,0.1370808391132786,2.345725739814869e-13,2.934838004185518e-10,Up,0.9496885825936996
ENSG00000291093.1,SVIL-AS1,329.9721649081408,1.831317434617001,0.2657882141348655,2.628412069375401e-13,3.069284387145301e-10,Up,1.831317434617001
ENSG00000183426.17,NPIPA1,279.9125532082029,1.236646927040613,0.1855900789386751,1.353303905269884e-12,1.394380659100428e-9,Up,1.236646927040613
ENSG00000253846.3,PCDHGA10,142.6270080723475,2.85471104750574,0.4312052857711438,1.620569688029321e-12,1.576994369751199e-9,Up,2.85471104750574
ENSG00000007062.12,PROM1,390.9856542760712,1.42992813766603,0.2174541523079581,2.38367078062538e-12,2.197493547022851e-9,Up,1.42992813766603
ENSG00000187627.18,RGPD1,40.90357537081806,5.083234888626735,0.7676818669556084,6.004932299132418e-12,5.00868543579064e-9,Up,5.083234888626735
ENSG00000112599.9,GUCA1B,77.57144409567405,1.882935687151845,0.2938351424892187,7.779622155714575e-12,5.93354324467907e-9,Up,1.882935687151845
ENSG00000003096.15,KLHL13,1312.263425522561,1.026691429428717,0.1602506122137334,7.791247695114102e-12,5.93354324467907e-9,Up,1.026691429428717
ENSG00000117335.21,CD46,1867.197725743872,0.8099092600157284,0.1313529526123461,3.96195117820004e-11,2.775901473494077e-8,Up,0.8099092600157284
ENSG00000004779.10,NDUFAB1,795.2021783129562,0.9046713247731916,0.1490123644034921,6.867204344863758e-11,4.626382742485907e-8,Up,0.9046713247731916
ENSG00000105963.15,ADAP1,242.7185040557841,1.8235204640763,0.3018357605121955,7.132400678113602e-11,4.627078899179181e-8,Up,1.8235204640763
ENSG00000125534.10,PPDPF,3632.803025316276,1.476661710078656,0.2457144449276644,8.874571642266074e-11,5.551678460211877e-8,Up,1.476661710078656
ENSG00000162078.12,ZG16B,38.57385587432875,2.819215366367172,0.4696247669633692,1.176139078307343e-10,7.103880032976351e-8,Up,2.819215366367172
ENSG00000268916.6,CSAG3,31.27636465318333,9.06844089733861,2.802846866012285,1.661720078306135e-10,9.702229630536756e-8,Up,9.06844089733861
ENSG00000109046.15,WSB1,2979.463905358045,0.9709639036020044,0.1669985396505567,3.166531259674262e-10,1.7332800482642e-7,Up,0.9709639036020044
ENSG00000203930.13,LINC00632,1252.780290659653,0.700062482834314,0.1207411351960092,4.002303101138498e-10,2.06189238586888e-7,Up,0.700062482834314
ENSG00000130511.16,SSBP4,731.0270425977332,1.035861175552163,0.1811697546064701,5.498376000607828e-10,2.751701543618477e-7,Up,1.035861175552163
ENSG00000169248.13,CXCL11,52.85546607968693,5.154602908585575,0.8986075066805254,7.006787064234593e-10,3.409191172698143e-7,Up,5.154602908585575
ENSG00000006071.16,ABCC8,538.9177888603538,1.039504061476053,0.1839611893503204,7.981759879095081e-10,3.778608271411606e-7,Up,1.039504061476053
ENSG00000221946.8,FXYD7,197.7377512945661,1.754331884960181,0.3118016885719261,8.335056104303807e-10,3.842022176920672e-7,Up,1.754331884960181
ENSG00000116745.7,RPE65,81.43225477639695,4.050926066494749,0.7211739176781472,9.636684225539835e-10,4.219904022363893e-7,Up,4.050926066494749
ENSG00000105397.15,TYK2,809.4973644514151,0.5825287526779619,0.1035820274177398,1.255501070031186e-9,5.287342191137311e-7,Up,0.5825287526779619
ENSG00000255085.9,ENSG00000255085,45.67546760560475,6.693273219369045,1.110510495505328,1.270898594519961e-9,5.287342191137311e-7,Up,6.693273219369045
ENSG00000145335.17,SNCA,10249.78589724395,0.949878905944682,0.1710769160319278,1.618083562201564e-9,6.441443562618769e-7,Up,0.949878905944682
ENSG00000180902.18,D2HGDH,240.1963615328597,1.40794863595632,0.2621933949657934,3.74163048740469e-9,1.339016004828484e-6,Up,1.40794863595632
ENSG00000290885.1,ENSG00000290885,36.73101482646216,7.192014604698999,1.380526275500636,3.745820063747187e-9,1.339016004828484e-6,Up,7.192014604698999
ENSG00000076716.9,GPC4,845.0611892955133,1.286241880793683,0.2415752587286727,4.759882889898714e-9,1.634786445087566e-6,Up,1.286241880793683
ENSG00000131584.19,ACAP3,2732.998021093248,0.8777209798440607,0.1644028924340647,4.91576484448038e-9,1.655856481075353e-6,Up,0.8777209798440607
ENSG00000125618.18,PAX8,47.64894728175717,6.158913586928453,1.126430251842991,7.700395873033151e-9,2.544908190793371e-6,Up,6.158913586928453
ENSG00000173275.13,ZNF449,220.3757442491493,1.133158369467508,0.2168573322733708,8.350464444306893e-9,2.708643244564436e-6,Up,1.133158369467508
ENSG00000008710.20,PKD1,3613.731234439004,0.8528822506173086,0.1629552838149897,8.779671880527711e-9,2.796086048351334e-6,Up,0.8528822506173086
ENSG00000184967.7,NOC4L,301.0403383054978,0.7479785201869703,0.1427662916083685,9.163063446245224e-9,2.866075345079131e-6,Up,0.7479785201869703
ENSG00000158106.14,RHPN1,569.9011529847759,1.158779844408896,0.2239178682431689,1.09181187701239e-8,3.35511874346474e-6,Up,1.158779844408896
ENSG00000171163.16,ZNF692,408.0947100986472,0.8425441064263,0.1623871772258304,1.127345629044519e-8,3.374325852252053e-6,Up,0.8425441064263
ENSG00000171222.11,SCAND1,394.8233714129589,1.611322397921148,0.3124982599074044,1.136590690128289e-8,3.374325852252053e-6,Up,1.611322397921148
ENSG00000253230.11,MIR124-1HG,413.0062750506859,0.8693637214976556,0.1678182479292656,1.157086134325347e-8,3.377920121473797e-6,Up,0.8693637214976556
ENSG00000215252.12,GOLGA8B,1160.707196830428,1.221556649801218,0.2370254629742364,1.207390118411717e-8,3.4669910350983e-6,Up,1.221556649801218
ENSG00000205746.10,PKD1P4,107.2218002306204,2.345711577063472,0.4576141833429924,1.307548889534362e-8,3.694036507916755e-6,Up,2.345711577063472
ENSG00000104885.19,DOT1L,959.6935314194832,0.7132479575468263,0.1380215127562132,1.367556535549663e-8,3.742831293232485e-6,Up,0.7132479575468263
ENSG00000147647.13,DPYS,29.03641714039324,3.06881879881799,0.5986363658573303,1.736011515325385e-8,4.678150415759915e-6,Up,3.06881879881799
ENSG00000177508.12,IRX3,584.8252461586249,1.587210342163046,0.3132059555816968,1.789611989181502e-8,4.749521757955029e-6,Up,1.587210342163046
ENSG00000226686.10,LINC01535,50.42838376434087,3.851077473077739,0.7602728022752905,1.870834941686657e-8,4.890976841579624e-6,Up,3.851077473077739
ENSG00000179832.18,MROH1,1222.89665882947,0.8056655624928539,0.1584464221700391,2.011289338284241e-8,5.180844713145112e-6,Up,0.8056655624928539
ENSG00000245532.11,NEAT1,3102.072880686732,1.059363366818558,0.2114304720130709,2.603042416410352e-8,6.607955212441119e-6,Up,1.059363366818558
ENSG00000183092.18,BEGAIN,910.6223382584236,0.9212656702995666,0.1843989826418375,2.974682097269388e-8,7.443504516538658e-6,Up,0.9212656702995666
ENSG00000125503.13,PPP1R12C,919.912929592725,0.8907808318935687,0.1806835678377117,4.205738647121727e-8,0.00001023162751985891,Up,0.8907808318935687
ENSG00000213199.8,ASIC3,136.1989580376154,1.263316454382707,0.2578045213655696,4.456934587837685e-8,0.0000106942008548719,Up,1.263316454382707
ENSG00000290418.1,TPTEP1,27.53526027435825,8.698872344304942,2.904868264015423,4.996526323973926e-8,0.00001182691285009828,Up,8.698872344304942
ENSG00000230453.11,ANKRD18B,40.67142428564681,2.4317294658567,0.5022848946101509,6.355396896580641e-8,0.00001484281760540087,Up,2.4317294658567
ENSG00000182809.11,CRIP2,2500.192905292201,0.6118803904724673,0.1255894809584423,6.82362189718501e-8,0.00001552241053910294,Up,0.6118803904724673
ENSG00000138640.15,FAM13A,688.1491453634868,0.9679101267983437,0.2014467513199162,7.67494040640053e-8,0.00001723516104596303,Up,0.9679101267983437
ENSG00000235244.6,DANT2,126.417430154181,2.279798449394699,0.4808585681534993,8.921201044416788e-8,0.0000197802224675955,Up,2.279798449394699
ENSG00000135940.7,COX5B,1654.03859774244,0.7247749972049031,0.1517877165704259,9.997144739659009e-8,0.0000218887484074834,Up,0.7247749972049031
ENSG00000075651.17,PLD1,300.2237407153341,0.8163763683529986,0.1723244930760834,1.129272615157986e-7,0.00002442017176186084,Up,0.8163763683529986
ENSG00000164627.18,KIF6,141.8886813410444,1.051824130863296,0.2239054736072935,1.254829726684369e-7,0.00002680438718610171,Up,1.051824130863296
ENSG00000280071.5,ENSG00000280071,184.9382732242025,1.41853487284512,0.3038339420933466,1.330811518826869e-7,0.00002808493320936318,Up,1.41853487284512
ENSG00000118271.12,TTR,9622.150160076628,3.624159225880457,0.780559438856708,1.407265335663751e-7,0.00002934483288034077,Up,3.624159225880457
ENSG00000109758.9,HGFAC,154.7075552632067,1.616234899072132,0.3515310340472398,1.860725054135781e-7,0.00003834407064499099,Up,1.616234899072132
ENSG00000164877.19,MICALL2,357.3725797234279,0.99452588151601,0.2163595351985455,2.068024240139877e-7,0.00004169683343925429,Up,0.99452588151601
ENSG00000198089.16,SFI1,580.1884272899214,1.010478519180782,0.219916181746344,2.071034773472895e-7,0.00004169683343925429,Up,1.010478519180782
ENSG00000168026.19,TTC21A,195.2510123855732,1.081344054886332,0.23575609180249,2.13420637475579e-7,0.00004248040779570728,Up,1.081344054886332
ENSG00000179813.7,FAM216B,192.3380485989535,2.886546747245598,0.6364161732116148,2.267002126063433e-7,0.00004461663959564841,Up,2.886546747245598
ENSG00000196456.13,ZNF775,148.8412407687968,0.9543893049927844,0.2084305918929892,2.307695870885416e-7,0.00004491288986047661,Up,0.9543893049927844
ENSG00000119514.7,GALNT12,299.1126898966876,0.864995586723116,0.1896953687538847,2.583980306648444e-7,0.00004973736159478477,Up,0.864995586723116
ENSG00000100197.23,CYP2D6,103.4523864225042,1.4366282798463,0.3173989990352765,2.685533024030518e-7,0.00005113021353143321,Up,1.4366282798463
ENSG00000167615.18,LENG8,2308.825441398135,1.132718505095902,0.250851881070798,2.798273529339149e-7,0.00005270382703215542,Up,1.132718505095902
ENSG00000290682.1,STAG3L5P,148.2200808629096,1.584943653315362,0.3522205159765245,2.915133848402862e-7,0.0000543207281793878,Up,1.584943653315362
ENSG00000130513.7,GDF15,956.1953862149868,1.975355212330068,0.4420623330287183,3.262294621452437e-7,0.00006014984483090618,Up,1.975355212330068
ENSG00000183458.15,PKD1P3,114.032684006074,2.150986979166538,0.482094740734538,3.364234498677511e-7,0.00006138326195712008,Up,2.150986979166538
ENSG00000128011.5,LRFN1,569.5109666665152,1.285045665533172,0.2883983884478006,3.689175859154011e-7,0.00006653726022164935,Up,1.285045665533172
ENSG00000164972.14,SPMIP6,117.7043706534065,2.660337803325035,0.6020594300009676,3.947278022503178e-7,0.00006949622439317896,Up,2.660337803325035
ENSG00000243978.9,RTL9,452.9654420964157,1.095693100145739,0.2461830374966689,3.967585315892839e-7,0.00006949622439317896,Up,1.095693100145739
ENSG00000110047.18,EHD1,1809.314363394042,0.3996204748173331,0.0871691668249004,4.244149451015077e-7,0.00007337647532527724,Up,0.3996204748173331
ENSG00000141013.17,GAS8,727.5213946993803,0.8952490322200959,0.2013122573750634,4.272893630496848e-7,0.00007337647532527724,Up,0.8952490322200959
ENSG00000171813.14,PWWP2B,412.1218211767735,0.7458995713101148,0.1671640539160173,4.326428384282767e-7,0.00007357448502824947,Up,0.7458995713101148
ENSG00000107404.21,DVL1,1935.176304364777,0.808707815630965,0.1830541520642677,5.107858138664254e-7,0.0000852088030065172,Up,0.808707815630965
ENSG00000205702.13,CYP2D7,124.357115352311,1.581495021580136,0.3615371988704778,5.207625569017171e-7,0.00008605355610085356,Up,1.581495021580136
ENSG00000215374.6,FAM66B,21.81323906386604,4.244258677902025,0.9614025503519058,8.254261919084821e-7,0.0001351230390417661,Up,4.244258677902025
ENSG00000251562.11,MALAT1,10225.0305477028,1.272667569717956,0.2983482283475759,8.653134623540944e-7,0.0001402071424235672,Up,1.272667569717956
ENSG00000232434.3,AJM1,366.2005225565244,1.238027657614921,0.2901565121246782,8.724924939580282e-7,0.0001402071424235672,Up,1.238027657614921
ENSG00000103326.12,CAPN15,387.7207181037056,1.248655238686337,0.292918050525171,8.838421829452536e-7,0.0001407398152406278,Up,1.248655238686337
ENSG00000102109.9,PCSK1N,357.5168019710957,2.109692661996701,0.4975081339415971,9.12662125590554e-7,0.0001440197278544518,Up,2.109692661996701
ENSG00000161996.19,WDR90,311.5622929480065,1.511625515096243,0.3559916854537348,9.212777151729052e-7,0.000144081254097934,Up,1.511625515096243
ENSG00000167962.15,ZNF598,544.8542527373866,0.8282336783269406,0.1942504483218543,1.004885267944949e-6,0.0001557661093214489,Up,0.8282336783269406
ENSG00000173621.9,LRFN4,787.1360747625293,1.063831283929068,0.2515882969031169,1.067654905416915e-6,0.0001640442396779183,Up,1.063831283929068
ENSG00000106302.10,HYAL4,14.9780048887299,7.604789755230794,2.804436601831409,1.152399082834584e-6,0.000175525411608092,Up,7.604789755230794
ENSG00000162040.7,HS3ST6,37.98820430061618,2.503335216006202,0.5964545490665975,1.1652953582153e-6,0.0001759595990905102,Up,2.503335216006202
ENSG00000077498.9,TYR,24.31688801301711,3.580320718097912,0.8404969349909005,1.193389848773636e-6,0.0001786616802659745,Up,3.580320718097912
ENSG00000160796.18,NBEAL2,795.8623402168612,0.8840000982544246,0.2103677518803422,1.276926136969487e-6,0.0001895477814843859,Up,0.8840000982544246
ENSG00000137070.19,IL11RA,73.20203574836925,1.593128337827508,0.3817755987720378,1.294155307382596e-6,0.000190490961042971,Up,1.593128337827508
ENSG00000075826.17,SEC31B,333.4258911088369,1.236579832007306,0.2965086255829945,1.323473068026055e-6,0.0001915863988392098,Up,1.236579832007306
ENSG00000162004.19,CCDC78,101.0884126043144,1.482149669195046,0.3579890553737302,1.498682391230954e-6,0.0002151714816786999,Up,1.482149669195046
ENSG00000180900.20,SCRIB,1461.503871920978,0.7268432985946256,0.1742902369805976,1.608604884486691e-6,0.000227777284853488,Up,0.7268432985946256
ENSG00000068137.15,PLEKHH3,342.8848771684526,0.7890634582185301,0.1897019972324814,1.612490484233416e-6,0.000227777284853488,Up,0.7890634582185301
ENSG00000277639.3,CHD9NB,79.31417542243592,2.990480076877303,0.7324378155098301,1.689431453041342e-6,0.0002367366506517771,Up,2.990480076877303
ENSG00000285756.2,ENSG00000285756,1541.390550703598,1.302868825697652,0.3174935876752948,1.725192400780571e-6,0.0002398291277148609,Up,1.302868825697652
ENSG00000177685.17,CRACR2B,136.8046574782301,1.328968824923188,0.3246024742591211,1.79407626426255e-6,0.0002474412586206521,Up,1.328968824923188
ENSG00000182768.9,NGRN,797.4644720590597,1.554766477733679,0.3832783331471135,1.971579525714428e-6,0.0002677068757551467,Up,1.554766477733679
ENSG00000268297.1,CLEC4GP1,15.45815650926129,5.766448037260129,1.432423405820548,2.317296037578176e-6,0.0003122289030324,Up,5.766448037260129
ENSG00000053747.17,LAMA3,151.5675273618593,0.8512793084762745,0.2096481609967642,2.419845044431044e-6,0.0003235572961698791,Up,0.8512793084762745
ENSG00000115290.11,GRB14,365.3165641093992,1.549401031708235,0.3871536204238798,2.539199072471784e-6,0.0003344106086722991,Up,1.549401031708235
ENSG00000243694.5,LINC02027,12.72561227639262,7.283854782014226,2.790230360750733,3.198060034664465e-6,0.0004149423671643168,Up,7.283854782014226
ENSG00000009950.16,MLXIPL,242.407377654475,1.06717332195805,0.2695202376517429,3.344745362808672e-6,0.0004307835277570345,Up,1.06717332195805
ENSG00000234771.3,SLC25A25-AS1,301.7456580384537,0.7349290251733059,0.1845612631313656,3.532202859373196e-6,0.0004516063159473059,Up,0.7349290251733059
ENSG00000160867.15,FGFR4,125.9651599337488,1.367598619568006,0.3487938860148951,3.699258811919993e-6,0.0004663378839895213,Up,1.367598619568006
ENSG00000168071.22,CCDC88B,131.6864459108224,1.659293309744268,0.4264429070611849,3.99705584509879e-6,0.0004995673286066378,Up,1.659293309744268
ENSG00000185189.18,NRBP2,1004.01905475497,0.6571374615755797,0.1656461885565394,4.021408616895178e-6,0.0004995673286066378,Up,0.6571374615755797
ENSG00000188817.8,SNTN,97.90710136073152,2.760849512988741,0.7144590749729263,4.082996599582658e-6,0.000503646256607675,Up,2.760849512988741
ENSG00000189223.15,PAX8-AS1,521.8309643822705,6.569574598474461,1.757424036562614,4.271813314422373e-6,0.0005232523217861699,Up,6.569574598474461
ENSG00000177854.8,TMEM187,145.3988903517737,0.9805620608869584,0.2510161675236745,4.311089037657192e-6,0.0005243960804416901,Up,0.9805620608869584
ENSG00000170638.10,TRABD,211.0709303768464,1.063151013015874,0.274058959502266,4.62646251993318e-6,0.0005588766724079282,Up,1.063151013015874
ENSG00000099814.17,CEP170B,3025.4000236118,0.4234962501621975,0.1055223269136504,4.941005459426184e-6,0.000592785285118555,Up,0.4234962501621975
ENSG00000145214.14,DGKQ,854.7209010203043,0.5551798422389768,0.141042899479918,5.136788787100054e-6,0.0006120815809173098,Up,0.5551798422389768
ENSG00000120915.14,EPHX2,231.5523129861709,1.171521525381683,0.3052925469182646,5.332985115414401e-6,0.000630126245990295,Up,1.171521525381683
ENSG00000155066.16,PROM2,93.84524526666092,1.16186562647381,0.3026404054322519,5.430763181041372e-6,0.0006341683191941378,Up,1.16186562647381
ENSG00000227232.6,WASH7P,204.0234052408503,0.8123964626527848,0.2105338714764154,5.516302145336349e-6,0.0006398910488590165,Up,0.8123964626527848
ENSG00000197119.13,SLC25A29,1469.356070680647,0.6225703143860302,0.1614151106943372,6.498104241476835e-6,0.0007291750496239589,Up,0.6225703143860302
ENSG00000188687.18,SLC4A5,103.8186108465518,1.608705853354697,0.4265358181411515,6.535766315994608e-6,0.0007291750496239589,Up,1.608705853354697
ENSG00000235703.7,EOLA2-DT,65.79302157907186,1.411035371612643,0.3750025299356493,6.993651801207036e-6,0.0007753215503160915,Up,1.411035371612643
ENSG00000173153.17,ESRRA,213.2435484640248,1.024431881418342,0.2715825527287892,7.133655201277378e-6,0.0007858685817960664,Up,1.024431881418342
ENSG00000010404.18,IDS,749.4578724044877,0.8341178574960613,0.2211731755828264,7.667589849820083e-6,0.0008394093988090535,Up,0.8341178574960613
ENSG00000230062.7,ANKRD66,52.27403028105788,2.613514164047327,0.7047683088430705,7.95049754319203e-6,0.0008649746271214386,Up,2.613514164047327
ENSG00000076826.10,CAMSAP3,1804.037190760093,0.6178618285122366,0.1622930662615899,8.095781024116467e-6,0.0008753438297433582,Up,0.6178618285122366
ENSG00000073150.14,PANX2,279.1607371617741,0.927130293885696,0.2477155214160223,8.24816004941959e-6,0.000886348290954807,Up,0.927130293885696
ENSG00000074370.18,ATP2A3,544.2258109566155,0.9507103677158396,0.2544487605182354,8.341853304942722e-6,0.000890950624935224,Up,0.9507103677158396
ENSG00000105519.18,CAPS,256.6427452808938,2.068358740409868,0.5614645673674922,8.528935393910337e-6,0.0008999568214441775,Up,2.068358740409868
ENSG00000099624.8,ATP5F1D,552.6987359440266,1.056761590190192,0.2845269100395559,8.769236845953469e-6,0.000919772171219886,Up,1.056761590190192
ENSG00000282508.2,LINC01002,142.9487176813007,0.8923035095891942,0.2393212448456286,8.822518760437811e-6,0.0009198526107608852,Up,0.8923035095891942
ENSG00000127586.17,CHTF18,109.2520376668902,1.071388908900562,0.2890967683851761,9.139695894240309e-6,0.0009417112546089012,Up,1.071388908900562
ENSG00000126254.12,RBM42,623.525419483403,0.5897379134708475,0.1561297126075781,9.262814760662406e-6,0.0009488155751331152,Up,0.5897379134708475
ENSG00000145198.15,VWA5B2,540.7077633974101,0.6984536485547166,0.1865847068946088,9.36120495475503e-6,0.0009533189882993552,Up,0.6984536485547166
ENSG00000168453.16,HR,42.58154580170284,1.57606548050648,0.4281634380717342,9.697939150220718e-6,0.0009819023245969138,Up,1.57606548050648
ENSG00000169228.14,RAB24,22.21151645621454,2.443906634870971,0.6612984835119116,9.86660021973654e-6,0.000987987366743559,Up,2.443906634870971
ENSG00000099889.14,ARVCF,1784.131987867772,0.5011324919180059,0.1319842818747112,9.870848891306396e-6,0.000987987366743559,Up,0.5011324919180059
ENSG00000059588.10,TARBP1,641.4203229189999,1.016739201768073,0.2761767828964208,0.00001001995664519857,0.0009915794384028147,Up,1.016739201768073
ENSG00000245694.12,CRNDE,1940.887793821942,1.261125557510972,0.3451721218109652,0.00001012458539462652,0.000996304706585832,Up,1.261125557510972
ENSG00000258998.2,LINC02302,21.07619290407941,4.398670464106316,1.161598870886584,0.00001040855293880497,0.0010128678515339,Up,4.398670464106316
ENSG00000154856.13,APCDD1,582.7589260539538,1.118088063720136,0.305584384979562,0.00001058683235894463,0.0010245246165705,Up,1.118088063720136
ENSG00000123143.13,PKN1,3830.011176307641,0.4133706506975209,0.1082269744798307,0.00001145917718502448,0.0011004249496145,Up,0.4133706506975209
ENSG00000106327.13,TFR2,120.8717375797128,0.8652294732313537,0.2361577795756684,0.00001154395730629359,0.0011004249496145,Up,0.8652294732313537
ENSG00000107281.10,NPDC1,1103.363954317233,0.9558754260521952,0.2618809650222199,0.00001155961353785577,0.0011004249496145,Up,0.9558754260521952
ENSG00000178741.12,COX5A,1673.666578902539,0.3951023996588778,0.1033193818437256,0.00001169898964656245,0.0011076729872929,Up,0.3951023996588778
ENSG00000204991.11,SPIRE2,1117.641810466966,0.495876003057214,0.1321722942293839,0.00001188670857986839,0.0011193956316396,Up,0.495876003057214
ENSG00000231160.12,KLF3-AS1,173.7818807526316,0.8726929458307717,0.2392046724658259,0.00001202391429236547,0.0011262614050538,Up,0.8726929458307717
ENSG00000063660.9,GPC1,2194.986579576601,0.4196917341704101,0.1109955136234657,0.00001280404333360794,0.001186643508103,Up,0.4196917341704101
ENSG00000100360.15,IFT27,961.0928227018186,0.4699034014144139,0.1254521963535835,0.00001291846698125266,0.0011909466718085,Up,0.4699034014144139
ENSG00000125826.22,RBCK1,771.7423791144281,0.7060808703375028,0.1934436587671529,0.0000132938328735161,0.0012191349560864,Up,0.7060808703375028
ENSG00000175756.14,AURKAIP1,611.4896923463639,0.6090332741561361,0.1659125112875818,0.00001357876498843091,0.0012377289947107,Up,0.6090332741561361
ENSG00000148482.12,SLC39A12,21.59734952651981,3.633186485282935,1.00114023691196,0.00001363791367773288,0.0012377289947107,Up,3.633186485282935
ENSG00000167702.13,KIFC2,2241.24132477437,0.7562523511880457,0.2086974663396097,0.00001413729037230352,0.0012665495831461,Up,0.7562523511880457
ENSG00000021645.20,NRXN3,1293.238993956679,0.8169556397449195,0.2260066402730156,0.00001417239771047347,0.0012665495831461,Up,0.8169556397449195
ENSG00000095383.20,TBC1D2,81.48809612149454,1.012779415338966,0.2817281336491998,0.00001444861220889868,0.0012781913709649,Up,1.012779415338966
ENSG00000101938.15,CHRDL1,785.3391187393743,0.6558509265304836,0.1803512532626433,0.00001470719877545397,0.0012880564687542,Up,0.6558509265304836
ENSG00000173559.15,NABP1,137.59786921943,1.709320852076922,0.4847687352228954,0.00001533830049209519,0.0013366451314404,Up,1.709320852076922
ENSG00000240038.8,AMY2B,137.0686788638376,1.161826216443583,0.3283163700986822,0.00001653445006056293,0.001433749639905,Up,1.161826216443583
ENSG00000184524.6,CEND1,2050.442927006476,0.4238547899416789,0.1143994029806063,0.00001705272295100132,0.0014714063803435,Up,0.4238547899416789
ENSG00000271533.1,ENSG00000271533,121.6378841466794,1.439320315796119,0.4104285139352133,0.00001765737672847752,0.0015161108371373,Up,1.439320315796119
ENSG00000165359.16,INTS6L,197.6601073738753,0.7229505879259741,0.2026384437205133,0.00001792606329485474,0.0015177408130294,Up,0.7229505879259741
ENSG00000221978.13,CCNL2,1929.474582748413,0.7100146841167208,0.2008196360199191,0.0000202387183016933,0.0016881018560593,Up,0.7100146841167208
ENSG00000175170.16,FAM182B,75.83682075844756,1.196688886416167,0.3435509385487525,0.00002040486729893776,0.0016882856959913,Up,1.196688886416167
ENSG00000070886.12,EPHA8,813.3846200682833,0.4561780732767717,0.1257636689187632,0.00002085078878779419,0.0017066468056402,Up,0.4561780732767717
ENSG00000066735.16,KIF26A,744.6062990963835,1.048611490948317,0.3017167137032706,0.00002118064702217122,0.0017175935798164,Up,1.048611490948317
ENSG00000182173.14,TSEN54,215.7559345979312,0.7228847817092653,0.2053739422947595,0.0000213004697317534,0.0017193503586239,Up,0.7228847817092653
ENSG00000266714.11,MYO15B,42.18196402740541,1.939443261258643,0.5618323501036403,0.0000215736039321919,0.0017334093875058,Up,1.939443261258643
ENSG00000225706.3,PTPRD-AS1,347.0178013084903,0.8259986226459489,0.2377311803254988,0.00002323150526005211,0.0018580961010733,Up,0.8259986226459489
ENSG00000226450.2,CYP2D8P,28.12731599247488,1.816556621481418,0.5280567569761134,0.00002383067252126601,0.0018973548176477,Up,1.816556621481418
ENSG00000163347.6,CLDN1,130.8064277595507,2.121816377220862,0.6250239062798815,0.00002420593254798664,0.0019185118303644,Up,2.121816377220862
ENSG00000122126.18,OCRL,5951.848859893928,0.5841681848699241,0.1657383360372868,0.00002436616869461132,0.0019225126615081,Up,0.5841681848699241
ENSG00000164488.12,DACT2,99.33930225266376,1.200399360431888,0.3510277222532389,0.00002534303835745804,0.0019817350887019,Up,1.200399360431888
ENSG00000067082.15,KLF6,1404.052124630914,0.664876051838577,0.191037021262681,0.00002573637772143775,0.0020035484096386,Up,0.664876051838577
ENSG00000187492.9,CDHR4,30.59035192169043,2.652189842587274,0.7809329656282139,0.0000266090715321596,0.0020623207829969,Up,2.652189842587274
ENSG00000130150.12,MOSPD2,746.2596668475701,0.7351938108614806,0.2128998500856617,0.00002673266001840681,0.0020627721272353,Up,0.7351938108614806
ENSG00000152082.15,MZT2B,736.1469679662575,0.9123049351305598,0.2670354045798124,0.00002749858403064718,0.002112566657372,Up,0.9123049351305598
ENSG00000175040.6,CHST2,609.1750622839252,0.8458386300687719,0.2491117928437653,0.00003043114065076171,0.0023074972278733,Up,0.8458386300687719
ENSG00000040608.14,RTN4R,228.3884704064027,0.766383724627741,0.2266075267619188,0.00003361130090418816,0.0025376532182662,Up,0.766383724627741
ENSG00000197070.14,ARRDC1,277.1676355870457,1.181317411409436,0.3547250867249033,0.00003395506121867235,0.0025526045163359,Up,1.181317411409436
ENSG00000160972.10,PPP1R16A,638.3203344005262,0.6966313328940323,0.2060578187592028,0.0000356053701659699,0.0026652293325945,Up,0.6966313328940323
ENSG00000230590.13,FTX,903.5116303980288,0.6986858489494698,0.2079559716443918,0.00003809765489066517,0.0028396532896378,Up,0.6986858489494698
ENSG00000188000.6,OR7D2,11.11294946752777,4.399478613984493,1.183463282498316,0.00003976100946430015,0.0029386238049649,Up,4.399478613984493
ENSG00000074855.11,ANO8,1561.469080646714,0.8063676817366331,0.2433923731844572,0.0000417226323585846,0.0030324216945766,Up,0.8063676817366331
ENSG00000186862.20,PDZD7,1236.150737395441,0.4532260458112857,0.1317959850327553,0.00004190250538848059,0.0030329102660521,Up,0.4532260458112857
ENSG00000185168.7,LINC00482,25.25318506179646,3.275671076794064,1.007046124273343,0.00004215827074333047,0.0030388653100418,Up,3.275671076794064
ENSG00000101928.13,MOSPD1,415.1207307976241,0.6276854846091904,0.1874295425929407,0.00004271162190716039,0.0030661343005156,Up,0.6276854846091904
ENSG00000163453.11,IGFBP7,193.0194510500924,2.887742904387776,0.904190863087216,0.00004338361496126559,0.0031016628557613,Up,2.887742904387776
ENSG00000183323.13,CCDC125,166.1571680027089,0.8451553786001405,0.2568561555186763,0.00004392827767038378,0.0031278362263188,Up,0.8451553786001405
ENSG00000176842.16,IRX5,680.2737334979014,1.147003039428748,0.3520826542001218,0.00004435289150262895,0.0031452844030771,Up,1.147003039428748
ENSG00000254815.6,LMNTD2-AS1,106.664322426573,1.332433548095179,0.4119847646587842,0.00004588785432660027,0.0032283579983832,Up,1.332433548095179
ENSG00000063245.15,EPN1,2696.961559753273,0.6385750735218776,0.192009581802878,0.00004589296309645042,0.0032283579983832,Up,0.6385750735218776
ENSG00000110888.19,CAPRIN2,1140.0074626931,0.524292602774588,0.1569715502271035,0.0000509176595147441,0.0035524837067514,Up,0.524292602774588
ENSG00000101203.17,COL20A1,41.32286023962608,1.294722810097605,0.4028971346443135,0.00005211606399416002,0.0036081619641174,Up,1.294722810097605
ENSG00000158815.11,FGF17,96.58402349467902,1.276032717151688,0.3996529329245624,0.00005289172840301795,0.0036474469082963,Up,1.276032717151688
ENSG00000183486.14,MX2,17.11109480608249,2.28343204713079,0.7070030815806504,0.00005418869398051931,0.0037076920459483,Up,2.28343204713079
ENSG00000119185.13,ITGB1BP1,1497.539381265872,0.3434653095500244,0.0991610611322436,0.00005585537489814257,0.0037921036694413,Up,0.3434653095500244
ENSG00000276975.4,HYDIN2,14.09867470314952,2.968152508390916,0.9121741514868736,0.00005646050293602109,0.0038110491918442,Up,2.968152508390916
ENSG00000046651.16,OFD1,561.2533950334932,0.5413374989887905,0.1639519561626023,0.00005656958151858344,0.0038110491918442,Up,0.5413374989887905
ENSG00000176978.15,DPP7,744.0688732724777,0.5129661808914207,0.1547037454500146,0.00005684645883040821,0.0038150290148407,Up,0.5129661808914207
ENSG00000071889.17,FAM3A,701.772030847919,0.4113124359685952,0.1215629209379996,0.00005764151864110614,0.0038413333801604,Up,0.4113124359685952
ENSG00000005206.17,SPPL2B,760.2379080984085,0.9025652980610772,0.2827543702188514,0.00005905214110537269,0.0039180200894004,Up,0.9025652980610772
ENSG00000146054.18,TRIM7,113.0832038578839,0.9858820244955432,0.3097172027858842,0.00005933529625846883,0.0039219511292956,Up,0.9858820244955432
ENSG00000169752.17,NRG4,66.32574708273766,1.193529176596671,0.3768153046208803,0.00005956711830337902,0.003922472346624,Up,1.193529176596671
ENSG00000130520.11,LSM4,1146.17955393787,0.4008461501670183,0.1190922839748764,0.00006351380790837777,0.0041666961023338,Up,0.4008461501670183
ENSG00000280850.3,ENSG00000280850,12.67534431331205,4.49313111175745,1.301129331928228,0.00006672732912637074,0.0043611787200653,Up,4.49313111175745
ENSG00000165899.12,OTOGL,26.61259230894093,1.552424841500606,0.4951820920847496,0.00006819841085325475,0.0044243087574281,Up,1.552424841500606
ENSG00000229917.2,RPL7P46,6.599073099583984,5.9806516228442,2.713795230741879,0.00007021442600356263,0.0045311137295885,Up,5.9806516228442
ENSG00000128918.15,ALDH1A2,424.1980812697675,1.080585182223103,0.3466455332886514,0.00007036212231377444,0.0045311137295885,Up,1.080585182223103
ENSG00000130312.7,MRPL34,472.3907976003544,0.7985706759608845,0.2536331691548697,0.00007184442296502617,0.0046096223906791,Up,0.7985706759608845
ENSG00000102030.16,NAA10,254.8537571950825,0.6809437958266225,0.2148228697743762,0.00007402683902419622,0.0047323142786416,Up,0.6809437958266225
ENSG00000186710.12,CFAP73,53.52320109281114,2.332374309837181,0.7648883443726414,0.00007460527150278833,0.004751948856883,Up,2.332374309837181
ENSG00000127419.17,TMEM175,709.059934462175,0.5380160703001577,0.167268481838892,0.00007560181610506781,0.0047979761264361,Up,0.5380160703001577
ENSG00000136717.15,BIN1,3617.03259206732,0.3791452914411777,0.1137793585491873,0.00007674404430712878,0.0048528833216016,Up,0.3791452914411777
ENSG00000293311.1,SMPD4BP,126.5476332129324,0.7700798510048585,0.2467839078585993,0.00008097216724236375,0.005065387433633,Up,0.7700798510048585
ENSG00000128564.8,VGF,16539.13720852624,1.220804774354805,0.3970824173400023,0.00008202393307527965,0.0051129224617316,Up,1.220804774354805
ENSG00000169683.8,LRRC45,238.1032593497075,0.6794581743867362,0.2168899200418003,0.00008323899597381941,0.0051519938285421,Up,0.6794581743867362
ENSG00000203952.10,CCDC160,305.9986068781596,0.8954462588775303,0.2904151925710703,0.00008426561071040157,0.005197170553533,Up,0.8954462588775303
ENSG00000135127.12,BICDL1,1844.178493476108,0.7504478451028099,0.2424122291365865,0.00008809157737207026,0.005414077435962,Up,0.7504478451028099
ENSG00000161956.14,SENP3,143.2450675876412,1.152250586710783,0.3817572865885599,0.00009518206777641614,0.0058294024446563,Up,1.152250586710783
ENSG00000115286.21,NDUFS7,1085.285252162656,0.5979888496907323,0.192955764027152,0.0001013082875499985,0.0061615137664089,Up,0.5979888496907323
ENSG00000006015.18,REX1BD,291.6779184537457,1.232105050308386,0.4135450467298549,0.0001038309340520281,0.0062873686011648,Up,1.232105050308386
ENSG00000173511.10,VEGFB,1478.652685047589,0.5777385155244417,0.186850904804909,0.000106547944572062,0.0064133807461313,Up,0.5777385155244417
ENSG00000177051.6,FBXO46,176.8457878227138,0.7279631986186308,0.2396159179235309,0.0001080666238071212,0.006480329005877,Up,0.7279631986186308
ENSG00000198759.12,EGFL6,683.6858917647313,1.148216567419658,0.3876864632970385,0.0001120400896916982,0.0066525227492874,Up,1.148216567419658
ENSG00000100258.18,LMF2,784.3581199756361,0.6076369491968566,0.1985009097040736,0.0001128325671596579,0.0066769433998938,Up,0.6076369491968566
ENSG00000167524.17,RSKR,239.8770552685552,0.830473758770814,0.2769630269179298,0.0001136377931201555,0.0067019514622647,Up,0.830473758770814
ENSG00000266074.11,BAHCC1,698.3698579737625,0.4889865751975349,0.1569419182253774,0.0001155301033249801,0.0067906888920817,Up,0.4889865751975349
ENSG00000268738.3,HSFX2,12.06229044537796,4.362300946657478,1.340686706136804,0.0001163865120026188,0.0068181476395915,Up,4.362300946657478
ENSG00000003137.9,CYP26B1,79.62253961320054,1.721502339039402,0.5925891733407372,0.0001227053871908107,0.0071118782355885,Up,1.721502339039402
ENSG00000115474.7,KCNJ13,18.72152546841385,2.575251530148343,0.8753534605074834,0.0001232806057319035,0.0071118782355885,Up,2.575251530148343
ENSG00000272927.1,ENSG00000272927,67.0678981060938,1.358913039082536,0.4646995563758248,0.0001234306339129324,0.0071118782355885,Up,1.358913039082536
ENSG00000144596.13,GRIP2,1082.726093768211,0.753685157751189,0.2528606059889352,0.0001255080057126362,0.0071984166205801,Up,0.753685157751189
ENSG00000166762.19,CATSPER2,83.584108588254,1.378097774208851,0.4748731874396544,0.0001292766938532714,0.0073759301939215,Up,1.378097774208851
ENSG00000108465.15,CDK5RAP3,59.72583008784438,1.217006983157916,0.4172032368586965,0.000130830084419017,0.0074403238918295,Up,1.217006983157916
ENSG00000013441.17,CLK1,975.662223578395,0.7296391457650655,0.2460804940852786,0.0001355129798735938,0.0076817001795011,Up,0.7296391457650655
ENSG00000170745.12,KCNS3,270.8814769793514,0.7518933316294447,0.2545470328328389,0.0001364363172835861,0.0077090920436751,Up,0.7518933316294447
ENSG00000123364.5,HOXC13,13.70898480165296,3.078462217245136,1.038708881023733,0.0001378580610339364,0.0077643787687152,Up,3.078462217245136
ENSG00000141933.9,TPGS1,37.58694102378814,2.455707438638624,0.8636350549432941,0.000139778477081737,0.0078437806141418,Up,2.455707438638624
ENSG00000186648.15,CARMIL3,1887.883092776493,0.3304613460911292,0.1032011624140794,0.0001401634695265131,0.0078437806141418,Up,0.3304613460911292
ENSG00000231437.3,LINC01750,48.20720431047283,1.043775708047821,0.3586261465462197,0.0001410149003635399,0.0078662961616807,Up,1.043775708047821
ENSG00000229539.2,PANK2-AS1,78.78527176851588,1.020434330918249,0.3523059924868522,0.000144789092170913,0.0080336457178227,Up,1.020434330918249
ENSG00000187908.20,DMBT1,24.21074604268232,2.768800400797815,0.973785318452283,0.0001456805608705717,0.0080336457178227,Up,2.768800400797815
ENSG00000188290.11,HES4,76.98593708018903,1.166490426777347,0.4052978621296242,0.0001460098624377937,0.0080336457178227,Up,1.166490426777347
ENSG00000175602.4,CCDC85B,72.0158787295601,1.668364609280162,0.5875278973794378,0.0001463081173775664,0.0080336457178227,Up,1.668364609280162
ENSG00000095066.12,HOOK2,613.4320851434101,0.8014166568463609,0.2754844444448024,0.0001509170713678159,0.0082300285513828,Up,0.8014166568463609
ENSG00000227827.3,PKD1P2,57.35480478086793,3.043152778899922,1.100487266264739,0.0001520086591740922,0.0082300285513828,Up,3.043152778899922
ENSG00000134590.14,RTL8C,4122.832197019059,0.5052854251441802,0.167410690297624,0.000152233914743551,0.0082300285513828,Up,0.5052854251441802
ENSG00000005302.19,MSL3,807.2239903763386,0.5370505995347086,0.178967545209443,0.000152950994201173,0.0082433526597776,Up,0.5370505995347086
ENSG00000011201.12,ANOS1,1168.859114581888,1.564154116399103,0.5539218236515512,0.0001548046669807064,0.0083176642540921,Up,1.564154116399103
ENSG00000179698.14,WDR97,54.41792148478574,1.157791434287117,0.4045479719254735,0.0001554046659501346,0.0083243673663075,Up,1.157791434287117
ENSG00000133019.12,CHRM3,571.823473567784,0.5243118458243494,0.1751879113388639,0.0001582141784826146,0.0083852088581541,Up,0.5243118458243494
ENSG00000130479.11,MAP1S,1347.467007753593,0.5014896649566428,0.1665872218919008,0.0001582345531803003,0.0083852088581541,Up,0.5014896649566428
ENSG00000186301.8,MST1P2,41.28334646801713,1.403718668879514,0.4952538612421295,0.000164185174651394,0.0086622515638368,Up,1.403718668879514
ENSG00000115687.14,PASK,661.2849842427878,0.6247029343083579,0.2133097252162158,0.0001661455431465373,0.0087078066853279,Up,0.6247029343083579
ENSG00000184916.9,JAG2,1214.994989488992,0.6464375367515519,0.2214129251652057,0.000166540034230695,0.0087078066853279,Up,0.6464375367515519
ENSG00000104852.15,SNRNP70,2777.97180553394,0.6955681520648758,0.2400675636805238,0.0001684159395827235,0.0087796833265803,Up,0.6955681520648758
ENSG00000204963.6,PCDHA7,35.70311791604233,1.788299927907525,0.6390429541815421,0.0001693413643562113,0.0088017309734818,Up,1.788299927907525
ENSG00000113240.14,CLK4,262.092384791154,0.5022319016289604,0.1684154681036563,0.0001723833115124352,0.0089333316108041,Up,0.5022319016289604
ENSG00000180787.6,ZFP3,149.5070232215676,2.017938428394964,0.7374091491642767,0.0001858468477020055,0.0095184017086208,Up,2.017938428394964
ENSG00000169696.16,ASPSCR1,357.5943451355848,0.5961194326313513,0.2055342523187291,0.0001879394287341974,0.0095975132178081,Up,0.5961194326313513
ENSG00000103254.10,ANTKMT,93.60282763182954,1.242334354115816,0.44725670538854,0.0001895681082119595,0.0096525435565136,Up,1.242334354115816
ENSG00000286342.3,ENSG00000286342,38.92233691800927,1.388443200268792,0.4997828520745266,0.0001919701809305688,0.0097465208382024,Up,1.388443200268792
ENSG00000175928.6,LRRN1,2140.661437986259,0.4921781053079306,0.1670298402396184,0.0001945157730751767,0.0098462091499476,Up,0.4921781053079306
ENSG00000176956.13,LY6H,2105.084094563207,0.7740103814198628,0.2731669737311365,0.0001950579227581553,0.0098462091499476,Up,0.7740103814198628
ENSG00000101871.18,MID1,2100.723694503799,0.6906163922227285,0.2429853089038866,0.000198259228113193,0.0099442962750158,Up,0.6906163922227285
ENSG00000176532.4,PRR15,63.58059445995324,1.800527741051348,0.6598768816081398,0.0001988040008635501,0.0099442962750158,Up,1.800527741051348
ENSG00000131069.20,ACSS2,850.298783740112,0.476346784738316,0.1614157518220493,0.0001990912056118176,0.0099442962750158,Up,0.476346784738316
ENSG00000104866.11,PPP1R37,1208.048648255171,0.6494219809401865,0.2272435647246365,0.0001994089252965315,0.0099442962750158,Up,0.6494219809401865
ENSG00000221821.4,C6orf226,119.1763653893057,1.476717417187164,0.5394437522717302,0.0002014369127309125,0.0099953794997015,Up,1.476717417187164
ENSG00000105698.16,USF2,1581.164275467934,0.468924717852836,0.1591773072456909,0.0002057057470780684,0.0101496953966744,Up,0.468924717852836
ENSG00000187609.16,EXD3,342.9231226608688,0.8605082545103151,0.308430971687509,0.0002069358282765035,0.0101817077755371,Up,0.8605082545103151
ENSG00000130522.6,JUND,668.5834044266437,0.9925827884671884,0.3594611132077886,0.0002114836312441674,0.0103361599924392,Up,0.9925827884671884
ENSG00000133460.20,SLC2A11,440.1431141209502,0.6322313316894597,0.2224669550372224,0.0002124022345551494,0.0103361599924392,Up,0.6322313316894597
ENSG00000103253.19,HAGHL,235.7406051622642,0.9233604229006044,0.3349743387500747,0.0002198842592898598,0.0106689548080919,Up,0.9233604229006044
ENSG00000188234.15,AGAP4,159.2368559516015,0.8363554770921127,0.3030559843442349,0.0002293793391340676,0.0110379354512976,Up,0.8363554770921127
ENSG00000246922.10,UBAP1L,189.8478114957248,0.837701312086812,0.3040647695982292,0.0002303487136374202,0.0110542138851316,Up,0.837701312086812
ENSG00000157353.17,FCSK,251.7055940940032,0.5964262544022234,0.210870406237362,0.0002330926807978558,0.0111553316853968,Up,0.5964262544022234
ENSG00000060491.17,OGFR,691.7692470755032,0.4305003366143359,0.14678879916832,0.0002384146159432753,0.0113480174262565,Up,0.4305003366143359
ENSG00000149091.15,DGKZ,1858.690583560094,0.3258404518798087,0.1068550250529499,0.0002472964375144483,0.0117071470256839,Up,0.3258404518798087
ENSG00000096433.11,ITPR3,144.0375388845801,0.861663514533466,0.3165809643374473,0.0002498719247422669,0.0117971876921443,Up,0.861663514533466
ENSG00000151651.16,ADAM8,122.4911711826823,1.074578079466114,0.399922601520932,0.0002521956381643556,0.0118748892421689,Up,1.074578079466114
ENSG00000223745.8,CCDC18-AS1,327.1655955004778,0.5998204947962515,0.2153724612869702,0.0002603528702266917,0.0121505110337398,Up,0.5998204947962515
ENSG00000164398.15,ACSL6,900.406303850089,0.4001799161462148,0.1365140785541718,0.0002608239408932501,0.0121505110337398,Up,0.4001799161462148
ENSG00000164707.16,SLC13A4,195.0442925892087,2.589866679602302,1.007238901863354,0.0002624041677770739,0.0121917013336425,Up,2.589866679602302
ENSG00000164089.9,ETNPPL,55.4636861370638,2.172095944483555,0.8350240934854061,0.0002650931359817498,0.0122030088407678,Up,2.172095944483555
ENSG00000143013.13,LMO4,5678.107139483191,0.5758571291276073,0.2065171146094883,0.0002675383077640492,0.0122355117462012,Up,0.5758571291276073
ENSG00000289047.2,ENSG00000289047,1034.657713898095,0.4622371288909373,0.1618992662626397,0.0002741862637168731,0.0124744067409474,Up,0.4622371288909373
ENSG00000164756.13,SLC30A8,64.97285090607066,2.114332977854255,0.8175474825280012,0.0002752470345254682,0.0124902255356168,Up,2.114332977854255
ENSG00000030304.15,MUSK,21.52289175170112,2.221664990126596,0.8483258556103275,0.0002882214811678157,0.013045187245828,Up,2.221664990126596
ENSG00000263503.1,MAPK8IP1P2,10.93486446832711,2.505005504992014,0.9241330069095988,0.0002962612152795343,0.0132944718423996,Up,2.505005504992014
ENSG00000162572.21,SCNN1D,149.0663893764119,0.9404561016490685,0.3554180127009212,0.0002967651570209103,0.0132944718423996,Up,0.9404561016490685
ENSG00000164241.14,C5orf63,25.22425468260436,3.20304064057092,1.259947331256084,0.0003045551020408665,0.0135740131484677,Up,3.20304064057092
ENSG00000170044.9,ZPLD1,109.4750584262219,2.280226806968233,0.904131912675179,0.0003071215555377554,0.0136536577837546,Up,2.280226806968233
ENSG00000088002.12,SULT2B1,14.05000315148488,1.981901194767536,0.7522331251886578,0.0003149916323867671,0.0139328116992086,Up,1.981901194767536
ENSG00000137868.19,STRA6,133.7090063230234,0.8216150705089007,0.3116096745117871,0.000326966736099304,0.0143898224862196,Up,0.8216150705089007
ENSG00000124731.13,TREM1,39.78400493850196,1.456078623104055,0.5683253592238925,0.0003387456711203098,0.0148126359558949,Up,1.456078623104055
ENSG00000185818.8,NAT8L,1987.960711991586,0.3756685020016211,0.1309459249346218,0.0003395406335686139,0.0148126359558949,Up,0.3756685020016211
ENSG00000160298.18,C21orf58,86.5830505315318,1.144327503970721,0.4443704603311432,0.0003399565913604576,0.0148126359558949,Up,1.144327503970721
ENSG00000101849.18,TBL1X,1039.83480642471,0.5423876162780279,0.199642343222983,0.0003484708139606478,0.0151459423755203,Up,0.5423876162780279
ENSG00000139438.6,FAM222A,911.2406980103002,0.5319015124474046,0.1959277344037759,0.0003529296434439715,0.0152843541774126,Up,0.5319015124474046
ENSG00000073605.19,GSDMB,159.6335411192061,0.8220079820195214,0.3157087529263949,0.0003534005162053044,0.0152843541774126,Up,0.8220079820195214
ENSG00000182272.12,B4GALNT4,2773.968167663216,0.6930470291527003,0.2643319155675437,0.0003581486091040852,0.0154135897716637,Up,0.6930470291527003
ENSG00000158792.16,SPATA2L,474.2094581415722,0.6505564817498044,0.2458481710742292,0.0003611902683467981,0.0155063939714767,Up,0.6505564817498044
ENSG00000250251.7,PKD1P6,32.18085566653531,1.339396618266128,0.5262636222704217,0.0003639830045168065,0.0155351473091883,Up,1.339396618266128
ENSG00000261678.3,SCRT1,434.7593631402297,0.6734155619264177,0.255867344550611,0.0003651201417219877,0.0155351473091883,Up,0.6734155619264177
ENSG00000228109.2,MELTF-AS1,47.34897602324575,1.349613478030966,0.5345031857754078,0.0003721048331568845,0.0157434498975265,Up,1.349613478030966
ENSG00000147799.12,ARHGAP39,1072.654931345132,0.4808332667303559,0.1760049269342556,0.0003735783800594116,0.01576770820511,Up,0.4808332667303559
ENSG00000126522.17,ASL,122.916201887772,0.6236005517490648,0.2356848483786904,0.0003755423659464833,0.0158125001969197,Up,0.6236005517490648
ENSG00000115756.13,HPCAL1,2491.107959989882,0.3653927105188259,0.128107487919358,0.0003826629388671925,0.0160043232145873,Up,0.3653927105188259
ENSG00000159387.8,IRX6,172.5823602719465,1.496158207648722,0.6026153341444871,0.0003852680206205444,0.0160675110694987,Up,1.496158207648722
ENSG00000184986.12,TMEM121,64.3152230651265,1.466372556347078,0.5887870832290014,0.00039220391437769,0.016317918679904,Up,1.466372556347078
ENSG00000142634.13,EFHD2,484.9987400122842,0.4376998390643465,0.1590201481228048,0.0003963471229544152,0.0164512232361837,Up,0.4376998390643465
ENSG00000289879.1,ENSG00000289879,10.6593781928323,3.513176313743221,1.31818669971392,0.0003998603846558668,0.0165578120511398,Up,3.513176313743221
ENSG00000135317.14,SNX14,291.3801352270765,0.4629291164121015,0.1703398096026749,0.0004052856609426202,0.016742885936488,Up,0.4629291164121015
ENSG00000205143.5,ARID3C,52.50681332402978,1.271499715923261,0.5106956337437547,0.0004079155199548694,0.0168118782294811,Up,1.271499715923261
ENSG00000160072.20,ATAD3B,387.8552161325237,0.6996934431176661,0.272049397777284,0.0004172125443065026,0.0170605709112357,Up,0.6996934431176661
ENSG00000103269.14,RHBDL1,108.6576639372856,1.221508779319857,0.4927680916241573,0.0004173916782406547,0.0170605709112357,Up,1.221508779319857
ENSG00000212747.5,RTL8B,625.3890153363191,0.5805187899921666,0.2212091530843932,0.0004178456794313853,0.0170605709112357,Up,0.5805187899921666
ENSG00000196781.16,TLE1,1237.129579985076,0.3867979824544266,0.1385381934746352,0.0004243547969721673,0.0172459364820521,Up,0.3867979824544266
ENSG00000225138.8,SLC9A3-AS1,1623.831437862899,0.4212483255517804,0.1529328836097464,0.0004292591004525196,0.0174048666748294,Up,0.4212483255517804
ENSG00000205542.11,TMSB4X,35845.19366219476,0.7094141200275049,0.2781087436865589,0.0004396265804468447,0.0177840627785379,Up,0.7094141200275049
ENSG00000158716.9,DUSP23,80.87721067612506,0.7654733361664803,0.3022342677720583,0.0004454938014260304,0.0179798834695353,Up,0.7654733361664803
ENSG00000105254.12,TBCB,2712.360669304739,0.4213851662109339,0.1546367103388975,0.0004466120953294882,0.017983580371934,Up,0.4213851662109339
ENSG00000144029.14,MRPS5,147.1167158369271,1.022566268106485,0.4138334936855387,0.0004478512152467796,0.0179921144180334,Up,1.022566268106485
ENSG00000075399.14,VPS9D1,919.7367288669554,0.4667549428109073,0.1745651935168532,0.000451385470485415,0.0180573245648552,Up,0.4667549428109073
ENSG00000123575.9,FAM199X,4232.306318904823,0.4299913953713308,0.1585191739636971,0.0004515362045790475,0.0180573245648552,Up,0.4299913953713308
ENSG00000138604.10,GLCE,708.6992186163363,0.585233062233185,0.2268496898254942,0.0004661425076032346,0.0185989798705655,Up,0.585233062233185
ENSG00000267696.6,ERVK-28,26.64364598254585,2.582532598404827,1.088729835714903,0.0004704099850205052,0.0187265938582253,Up,2.582532598404827
ENSG00000073417.15,PDE8A,423.5377368676013,0.5568696419531899,0.2148422729046179,0.0004723736355115381,0.0187618683337128,Up,0.5568696419531899
ENSG00000151006.8,PRSS53,83.34757930955084,1.108170923227963,0.4532030413179922,0.0004734383308689825,0.0187618683337128,Up,1.108170923227963
ENSG00000137802.14,MAPKBP1,1291.724646133447,0.3985374595711823,0.1460133506151605,0.0004751074660890608,0.0187855132641444,Up,0.3985374595711823
ENSG00000178038.17,ALS2CL,110.5289026084814,0.8190135008659974,0.3291383804828295,0.0004776836848782759,0.0188094767944772,Up,0.8190135008659974
ENSG00000272195.1,ENSG00000272195,18.51902191459961,1.54517244804637,0.6286969052180765,0.0004792489628951558,0.0188218045606985,Up,1.54517244804637
ENSG00000185513.18,L3MBTL1,596.4989311308805,0.5165296172648058,0.1982738210205966,0.0004903720711726046,0.0192075609094418,Up,0.5165296172648058
ENSG00000126861.5,OMG,23.53213906325919,2.276224843287041,0.9555503180998766,0.000492360975584573,0.0192075609094418,Up,2.276224843287041
ENSG00000110195.14,FOLR1,30.14001359209006,2.862091050196084,1.228376791147702,0.0005035700304735616,0.0195877912100577,Up,2.862091050196084
ENSG00000129194.8,SOX15,59.86373765398867,0.9443616363249264,0.3862065806676341,0.0005049941120633127,0.0195877912100577,Up,0.9443616363249264
ENSG00000215187.13,CIMIP2B,60.96516612511592,1.685115378654859,0.7122594492605488,0.0005090438506176959,0.0195965100822407,Up,1.685115378654859
ENSG00000198720.13,ANKRD13B,1271.30126550548,0.4530570811997911,0.1717898850436783,0.0005191631000824774,0.0198551547184381,Up,0.4530570811997911
ENSG00000175265.19,GOLGA8A,1124.233567817265,0.8912922749717248,0.3674426437958297,0.0005288581527678572,0.0201818723396117,Up,0.8912922749717248
ENSG00000286735.1,ENSG00000286735,9.38275372968389,2.97016887608084,1.169876054841555,0.0005320119405550013,0.0202580894581769,Up,2.97016887608084
ENSG00000232931.6,LINC00342,798.1832391439348,0.7926343485042348,0.3249183798842758,0.000542642420506503,0.0205734299514976,Up,0.7926343485042348
ENSG00000203734.13,ECT2L,21.0164205557375,2.013044454504426,0.8625714095308444,0.0005491745730827739,0.0207761162464748,Up,2.013044454504426
ENSG00000010278.15,CD9,403.796556721243,0.7915924838587214,0.325350653936212,0.0005538143463001444,0.0208701773622358,Up,0.7915924838587214
ENSG00000102678.7,FGF9,343.8546488326301,0.4242468558635513,0.1605454859576537,0.0005540438726558375,0.0208701773622358,Up,0.4242468558635513
ENSG00000290835.1,ENSG00000290835,145.8064262618382,0.6406892998015763,0.257934357354063,0.000559097778935854,0.0210153577163957,Up,0.6406892998015763
ENSG00000058453.17,CROCC,452.2624342097578,0.8064961382509988,0.3332554424335402,0.0005637085396201768,0.021095861218543,Up,0.8064961382509988
ENSG00000228723.6,SRGAP3-AS2,10.1259692568839,3.384917566707776,1.347163603190147,0.0005648526439539102,0.021095861218543,Up,3.384917566707776
ENSG00000086506.3,HBQ1,34.82179346682398,1.55169302848235,0.6665518881869087,0.0005757367550815221,0.0214160855808426,Up,1.55169302848235
ENSG00000064687.13,ABCA7,1253.207040219144,0.6933077146205026,0.2832596721652609,0.0005758721345385295,0.0214160855808426,Up,0.6933077146205026
ENSG00000115257.15,PCSK4,88.3197011649479,0.8655565721598791,0.360715779441669,0.0005779581286217361,0.0214421305448057,Up,0.8655565721598791
ENSG00000149823.10,VPS51,600.321815310272,0.3800523544399416,0.1417697609006034,0.0005840933606939744,0.0215843445272482,Up,0.3800523544399416
ENSG00000135912.11,TTLL4,564.731443959691,0.3154516062096008,0.1133609062587817,0.0005862327833195826,0.0216177967002648,Up,0.3154516062096008
ENSG00000169738.8,DCXR,857.9461442475418,0.4253508918501401,0.1628972068887471,0.0006015035835984781,0.0220417087244998,Up,0.4253508918501401
ENSG00000112667.13,DNPH1,135.8101203172512,0.919423532497506,0.3886457588667628,0.0006072966656941369,0.0222075331864269,Up,0.919423532497506
ENSG00000160953.17,PWWP3A,2063.209687918407,0.3627556980882497,0.1345436027090574,0.0006151315872247859,0.0224441757480505,Up,0.3627556980882497
ENSG00000198816.7,ZNF358,576.4293111008799,0.7177982074377903,0.2980498484024418,0.0006188934052471126,0.0224441757480505,Up,0.7177982074377903
ENSG00000172824.17,CES4A,433.6448715709985,0.7493390578630614,0.3126356435810655,0.0006202251369004608,0.0224459989627034,Up,0.7493390578630614
ENSG00000182095.15,TNRC18,2265.422131064023,0.360280644750595,0.1341711549349738,0.0006224585482451644,0.0224803792393037,Up,0.360280644750595
ENSG00000241769.7,EOLA1-DT,13.51988062747406,2.103637846559992,0.8955734681795554,0.0006247207526789007,0.0225156557693901,Up,2.103637846559992
ENSG00000196696.14,PDXDC2P-NPIPB14P,31.9414656315457,1.227794281117366,0.5299648874703865,0.0006484156417223956,0.0231889814058533,Up,1.227794281117366
ENSG00000105516.11,DBP,140.9891893951354,0.6307295466312441,0.2599285952974099,0.0006486983836987978,0.0231889814058533,Up,0.6307295466312441
ENSG00000171119.3,NRTN,11.33267009055726,2.129648570116396,0.901264486996244,0.0006503799606390368,0.0232017421396198,Up,2.129648570116396
ENSG00000079313.15,REXO1,668.8318500891128,0.4197613600194431,0.1623568480901654,0.0006554810521180173,0.0233040225442995,Up,0.4197613600194431
ENSG00000121895.8,TMEM156,84.14753518209207,1.476444011820922,0.6538554317955778,0.0006572383613201631,0.0233040225442995,Up,1.476444011820922
ENSG00000173467.9,AGR3,53.57050204854003,2.034966267447408,0.9169741462977572,0.0006603190549979366,0.0233659567017047,Up,2.034966267447408
ENSG00000145832.16,SLC25A48,21.78066345097226,1.730696361367445,0.7595072959877238,0.0006687640565522785,0.0235695597878666,Up,1.730696361367445
ENSG00000140983.15,RHOT2,946.675709179126,0.5077278606949639,0.2039873720495268,0.0006730962255594448,0.0236746053953799,Up,0.5077278606949639
ENSG00000234710.3,ENSG00000234710,15.90843228208147,3.30947481660748,1.448329991069029,0.0006798518214230035,0.0238642976032972,Up,3.30947481660748
ENSG00000110799.14,VWF,75.00223295082355,1.571680098940921,0.7050963621329865,0.0006814505600652021,0.0238725760202041,Up,1.571680098940921
ENSG00000127415.13,IDUA,188.6278422881953,1.257253324567128,0.556706024747711,0.0006882504167492372,0.0240147296808359,Up,1.257253324567128
ENSG00000032444.17,PNPLA6,1419.158307303151,0.3499788087855708,0.1315295294294002,0.000697812490098134,0.0242062067804952,Up,0.3499788087855708
ENSG00000122705.18,CLTA,2392.835715962262,0.3040528137618902,0.1109409891758017,0.0006982617263349747,0.0242062067804952,Up,0.3040528137618902
ENSG00000109586.12,GALNT7,840.9337802361484,0.4612831206399889,0.1833305322690042,0.0006992658501330557,0.0242062067804952,Up,0.4612831206399889
ENSG00000204248.12,COL11A2,177.563360946896,0.8819770274946424,0.3817118966508308,0.0007023993092022793,0.0242667185404085,Up,0.8819770274946424
ENSG00000101220.18,ADISSP,795.7465155424625,0.3333385381395838,0.1242294760879533,0.000708804332738434,0.0244126396997307,Up,0.3333385381395838
ENSG00000102032.13,RENBP,298.1603863784885,0.7203781240602368,0.306488344233809,0.0007094104594178437,0.0244126396997307,Up,0.7203781240602368
ENSG00000115268.10,RPS15,3478.899987036433,0.6495568266554529,0.274250143410712,0.0007163650863085017,0.0245554811189426,Up,0.6495568266554529
ENSG00000109610.6,SOD3,210.6290431995264,1.628392742736495,0.7416061159669969,0.0007266541922249937,0.0248137682686078,Up,1.628392742736495
ENSG00000039537.16,C6,93.00259405268204,2.082968224844854,0.9661359131111592,0.0007267334506620127,0.0248137682686078,Up,2.082968224844854
ENSG00000196218.14,RYR1,195.4325413788114,0.6194471723331157,0.2601489170092851,0.0007321649712247843,0.0249156345973425,Up,0.6194471723331157
ENSG00000159733.14,ZFYVE28,250.9170103877997,0.5472208101435176,0.2256237236473067,0.000732561761682543,0.0249156345973425,Up,0.5472208101435176
ENSG00000259803.8,SLC22A31,20.82797316940292,1.535518208141696,0.6833393903396422,0.0007352667565978565,0.0249275586321985,Up,1.535518208141696
ENSG00000197982.14,C1orf122,630.033126528075,0.5807742688642987,0.2418883063302953,0.0007368207100360722,0.0249275586321985,Up,0.5807742688642987
ENSG00000244879.10,GABPB1-AS1,641.9581084884042,0.517317275979909,0.2119266148821075,0.0007432684157441128,0.0250849510022618,Up,0.517317275979909
ENSG00000167202.12,TBC1D2B,614.743207041387,0.3350938375613678,0.1260040659508367,0.0007510215005856281,0.0251527583255408,Up,0.3350938375613678
ENSG00000197989.15,SNHG12,45.23463851088026,0.9206191992149594,0.4039630875708916,0.0007582466150123145,0.0252979956353441,Up,0.9206191992149594
ENSG00000133142.19,TCEAL4,3822.044856738809,0.5827673768088589,0.2441804023497829,0.0007611173860277338,0.0253454983529691,Up,0.5827673768088589
ENSG00000136378.15,ADAMTS7,657.6526552869668,0.6547869063100765,0.2789281683515545,0.0007632947117050758,0.0253697726190248,Up,0.6547869063100765
ENSG00000166592.13,RRAD,30.88012011292916,1.48803702397198,0.6700471108047871,0.0007654584364339232,0.0253935037359405,Up,1.48803702397198
ENSG00000198355.5,PIM3,454.1352193678568,0.4888924393955478,0.1991756687945832,0.0007703587404102201,0.0255077574612956,Up,0.4888924393955478
ENSG00000196421.9,C20orf204,83.69851089348086,0.9508703869362688,0.4219910566538171,0.0007813953624988074,0.0258243795651492,Up,0.9508703869362688
ENSG00000135596.18,MICAL1,1673.873266213917,0.4675896328820428,0.189403140989799,0.0007839288171610321,0.0258593166881217,Up,0.4675896328820428
ENSG00000214401.6,KANSL1-AS1,12.87754711039134,2.001121218622228,0.8907101043667695,0.0007872500390597808,0.0258948740851617,Up,2.001121218622228
ENSG00000178950.18,GAK,1683.635664519448,0.309568087947386,0.1150823279873703,0.000787963455548709,0.0258948740851617,Up,0.309568087947386
ENSG00000148362.11,PAXX,398.0740592122714,0.7230664242681708,0.3147461710433036,0.000800622030114311,0.0262616020215023,Up,0.7230664242681708
ENSG00000136449.16,MYCBPAP,32.92121119448738,1.20260645159375,0.5419275366726883,0.0008035501043870536,0.0263083806139133,Up,1.20260645159375
ENSG00000250974.4,LINC02196,25.67793252153088,2.137097616595827,1.004750274191855,0.0008097292144492343,0.0264612255975611,Up,2.137097616595827
ENSG00000131116.12,ZNF428,1349.946991248869,0.6602126081585714,0.2854540253987611,0.0008210670350817989,0.0267319891942245,Up,0.6602126081585714
ENSG00000099364.18,FBXL19,2303.534173226231,0.5338988973011173,0.2244542654500957,0.000841492220733329,0.0272512539903394,Up,0.5338988973011173
ENSG00000140400.18,MAN2C1,895.8159602236669,0.6003487842392272,0.2574356027270705,0.0008445839977033551,0.0272618282035437,Up,0.6003487842392272
ENSG00000215788.11,TNFRSF25,301.0911856130438,0.7454742531243557,0.3297543234837128,0.0008539409170996917,0.0274451910163636,Up,0.7454742531243557
ENSG00000102901.13,CENPT,818.0765167111272,0.4420429924936587,0.1800648317175294,0.0008579477167467474,0.0275234655797363,Up,0.4420429924936587
ENSG00000102034.18,ELF4,57.39840283817781,1.311115714385403,0.6060929348531947,0.0008626539173981376,0.0276238501227527,Up,1.311115714385403
ENSG00000076928.20,ARHGEF1,363.8376424801673,0.5622242144218628,0.2395634649507135,0.0008652115251347954,0.0276521824682133,Up,0.5622242144218628
ENSG00000071626.17,DAZAP1,1168.069490503636,0.5434111544528041,0.2303564128768883,0.0008666960593200021,0.0276521824682133,Up,0.5434111544528041
ENSG00000101546.13,RBFA,123.7132328374531,0.8854613856687176,0.4012620040689486,0.0008761359395551324,0.0279025402131776,Up,0.8854613856687176
ENSG00000134884.15,ARGLU1,2148.537627665765,0.4966822882535504,0.2082197868541764,0.0008898666166327128,0.0281860825622759,Up,0.4966822882535504
ENSG00000164620.9,RELL2,1166.513740485566,0.3785444561317606,0.1505618236266431,0.0009117573371365972,0.0287753901212335,Up,0.3785444561317606
ENSG00000133135.14,RNF128,847.6846323867384,1.296255458369327,0.6102997046174546,0.00091358051230075,0.0287810723983092,Up,1.296255458369327
ENSG00000264112.1,ENSG00000264112,166.7052935558338,0.8924376799016724,0.4094928205736008,0.0009258030368563964,0.0290615878021086,Up,0.8924376799016724
ENSG00000152611.12,CAPSL,87.01908490789255,1.447136804567898,0.6890195240130473,0.0009381415472097308,0.0292914212850724,Up,1.447136804567898
ENSG00000268401.2,ENSG00000268401,17.24325698652994,1.611983987925701,0.7588518796650278,0.000957512738069363,0.0297372218440123,Up,1.611983987925701
ENSG00000088256.9,GNA11,2257.711942427045,0.3829853100753729,0.1541314245484606,0.0009746372344853786,0.0302154792907006,Up,0.3829853100753729
ENSG00000169783.13,LINGO1,5054.665588036031,0.2914814748331273,0.1101639783072415,0.000990574512697322,0.0306012401488647,Up,0.2914814748331273
ENSG00000214279.13,SCART1,29.86825163129129,1.124925230449121,0.5288365669391444,0.0010012174812901,0.0308213100215795,Up,1.124925230449121
ENSG00000255182.2,ENSG00000255182,53.82302252718977,1.028848296172434,0.4848786743572081,0.0010092645603065,0.030960206722119,Up,1.028848296172434
ENSG00000162804.15,SNED1,280.3275163240033,0.9810490253779066,0.4665413964170734,0.0010487021294847,0.0319348678355564,Up,0.9810490253779066
ENSG00000021762.20,OSBPL5,1039.07025114139,0.2917308300050312,0.1111308138188548,0.0010501532240968,0.0319348678355564,Up,0.2917308300050312
ENSG00000140474.14,ULK3,805.5813696395962,0.3194993835854315,0.1248847368344051,0.0010735599816024,0.032376768675168,Up,0.3194993835854315
ENSG00000105472.14,CLEC11A,100.4075578604631,1.031357016710872,0.4960586426518012,0.0010757752551351,0.032376768675168,Up,1.031357016710872
ENSG00000126243.9,LRFN3,831.5608998457162,0.4263702626725056,0.1789799560419068,0.0010780426591193,0.0323893571477442,Up,0.4263702626725056
ENSG00000214530.10,STARD10,505.6562290960228,0.3957324585416047,0.1634063433354282,0.0010838279878377,0.0325074161557631,Up,0.3957324585416047
ENSG00000176182.6,MYPOP,56.12049653903691,0.8466221637528848,0.397622609303745,0.001086559588762,0.0325336371910372,Up,0.8466221637528848
ENSG00000125967.17,NECAB3,630.5346529960825,0.580133069316256,0.2606968790312983,0.0011051937884988,0.033035109896494,Up,0.580133069316256
ENSG00000099331.14,MYO9B,847.0353667571011,0.4434465994151016,0.1891138204603041,0.0011173346867457,0.0331356438333036,Up,0.4434465994151016
ENSG00000130699.20,TAF4,357.6657340854599,0.4609250948992929,0.1984015431022948,0.0011206070963191,0.0331356438333036,Up,0.4609250948992929
ENSG00000161179.14,YDJC,99.1902475438252,0.851307936652908,0.4049216512660572,0.0011217317531156,0.0331356438333036,Up,0.851307936652908
ENSG00000126012.13,KDM5C,4978.346635462447,0.3481807075338363,0.1403568662922019,0.0011217993145209,0.0331356438333036,Up,0.3481807075338363
ENSG00000134594.5,RAB33A,561.0992011352963,0.6283771336866457,0.2876227060869994,0.0011322653158771,0.0333323685258879,Up,0.6283771336866457
ENSG00000214021.18,TTLL3,125.836066482943,0.593003633944704,0.2689346675757386,0.0011492136605116,0.0335493774625359,Up,0.593003633944704
ENSG00000173681.17,BCLAF3,600.9101665722555,0.5194492939911712,0.2307196175208197,0.0011595206851362,0.0337939506170487,Up,0.5194492939911712
ENSG00000272690.6,LINC02018,37.93389811924382,1.047802964718308,0.5089667933324771,0.0011706609600826,0.0340054682865795,Up,1.047802964718308
ENSG00000160117.16,ANKLE1,45.62007204597756,0.9421045663250908,0.4550332576417391,0.0011731554269283,0.0340215073809231,Up,0.9421045663250908
ENSG00000173272.16,MZT2A,545.5646043489448,0.5045950552341478,0.223527828440222,0.0011797693667737,0.0341368218251337,Up,0.5045950552341478
ENSG00000279759.1,ENSG00000279759,45.19230364654185,1.075150927585408,0.5304206003793831,0.0012022227418624,0.034692147523003,Up,1.075150927585408
ENSG00000170248.15,PDCD6IP,2108.720260286512,0.2171299172571826,0.0783134995883885,0.0012049238056216,0.0347129035843225,Up,0.2171299172571826
ENSG00000140481.15,CCDC33,62.74507373635151,1.028525185669548,0.5055260243883889,0.0012076453375693,0.0347341801853267,Up,1.028525185669548
ENSG00000188157.15,AGRN,2856.577997077369,0.513276138400985,0.2296443740231383,0.0012192482981739,0.0349531148785827,Up,0.513276138400985
ENSG00000283361.3,CFAP97D2,16.96634739849453,1.975969252965576,0.9996174908679816,0.001228920148373,0.0351728191485329,Up,1.975969252965576
ENSG00000165655.17,ZNF503,718.7326295923441,0.8700199238000218,0.4257283350121917,0.0012351121005696,0.0352923712130148,Up,0.8700199238000218
ENSG00000079432.9,CIC,2925.546858367441,0.4081377724764229,0.1739608025336496,0.0012412021996504,0.0353510532180128,Up,0.4081377724764229
ENSG00000286042.1,LCAL1,40.49795278745149,2.046113500196769,1.080307287234284,0.0012515069454808,0.0355440102825399,Up,2.046113500196769
ENSG00000165704.15,HPRT1,1600.842857191,0.5443107272198218,0.2478023101169493,0.0012520355300483,0.0355440102825399,Up,0.5443107272198218
ENSG00000224051.7,CPTP,445.8437327570426,0.5051844903453468,0.2272450006214845,0.0012714001629698,0.0359862076665772,Up,0.5051844903453468
ENSG00000291185.1,ENSG00000291185,180.7553256648536,0.4383126156391132,0.1908009137182187,0.0012726303199775,0.0359862076665772,Up,0.4383126156391132
ENSG00000172247.4,C1QTNF4,71.46448715539805,1.46752985316308,0.7639059357665048,0.0012911914494033,0.0362444061342146,Up,1.46752985316308
ENSG00000197530.13,MIB2,887.8513786651813,0.584725810965624,0.2718731603114873,0.0012944419704516,0.0362775128870911,Up,0.584725810965624
ENSG00000129968.17,ABHD17A,862.3898099116386,0.5886986950581597,0.2747825714584354,0.0013077694655756,0.0365341147671825,Up,0.5886986950581597
ENSG00000258728.2,ENSG00000258728,79.49715529870477,0.7780893838115682,0.381003229427744,0.0013343531696436,0.0371228596435275,Up,0.7780893838115682
ENSG00000290700.1,ENSG00000290700,168.7668125864048,1.123748466199673,0.577590737773154,0.0013352021908781,0.0371228596435275,Up,1.123748466199673
ENSG00000142684.9,ZNF593,144.1731301356444,0.7598933496846606,0.3726279374666434,0.0013506451590994,0.0374927109457788,Up,0.7598933496846606
ENSG00000054598.9,FOXC1,17.12910846770401,2.127940455119038,1.122529554843033,0.0013545344401622,0.0375411791991814,Up,2.127940455119038
ENSG00000129951.19,PLPPR3,2274.276905457654,0.5292381808701926,0.2437498255273257,0.0013717810850991,0.0379322076289187,Up,0.5292381808701926
ENSG00000132702.13,HAPLN2,54.58598618585364,1.248311341275439,0.6490592582082038,0.0013742037470153,0.0379322076289187,Up,1.248311341275439
ENSG00000224165.8,DNAJC27-AS1,191.4133450615135,0.4773267372515571,0.2153144453561513,0.0013791553923913,0.0379322076289187,Up,0.4773267372515571
ENSG00000146147.15,MLIP,49.3649873558822,1.0896676766128,0.5601903896788016,0.0013852190146305,0.0379710426608266,Up,1.0896676766128
ENSG00000165175.17,MID1IP1,1150.253472872064,0.6338149780316997,0.3042755387399067,0.0013929203038699,0.0381224875665418,Up,0.6338149780316997
ENSG00000133275.16,CSNK1G2,1135.059497242743,0.3791527279725561,0.1621227336177893,0.0014074281952188,0.0383255435638824,Up,0.3791527279725561
ENSG00000168993.15,CPLX1,183.5619302078642,0.8567200400260555,0.43279289615706,0.0014097542994054,0.0383255435638824,Up,0.8567200400260555
ENSG00000226321.6,CROCC2,30.13566475284016,2.455405508421983,1.385801047197236,0.0014293951365355,0.0387136670463791,Up,2.455405508421983
ENSG00000215375.7,MYL5,145.6676867716074,0.6430204456457103,0.3108931161094092,0.0014321040459842,0.0387136670463791,Up,0.6430204456457103
ENSG00000068323.17,TFE3,2155.099618547385,0.4127117588918547,0.1815821841611998,0.0014533694565398,0.039225299538908,Up,0.4127117588918547
ENSG00000107872.14,FBXL15,321.4193288727873,0.5931060658964253,0.2849747000246329,0.0014716900479009,0.039597730996978,Up,0.5931060658964253
ENSG00000160917.15,CPSF4,536.5026981103514,0.4252402198320763,0.1900323796000468,0.0015094369390855,0.0404270602829093,Up,0.4252402198320763
ENSG00000117616.18,RSRP1,676.1298048085323,0.5605328088953658,0.2677248051998978,0.0015118180975173,0.0404290164826169,Up,0.5605328088953658
ENSG00000242686.4,PDE6B-AS1,318.0090940386908,0.9371117675661992,0.4890423198223614,0.0015176633060434,0.0405234610802686,Up,0.9371117675661992
ENSG00000128228.5,SDF2L1,67.53798369150071,0.8190642311649159,0.4172144942865046,0.0015295695377267,0.0407792085583273,Up,0.8190642311649159
ENSG00000127774.7,EMC6,159.1536708282073,0.8001856254346614,0.4104654947951308,0.0015480117413618,0.0411608360251431,Up,0.8001856254346614
ENSG00000102100.16,SLC35A2,729.2546105027307,0.4293042564010907,0.194501324460126,0.0016005540150541,0.0424777335268015,Up,0.4293042564010907
ENSG00000136535.15,TBR1,53.71455013921194,1.169662755003761,0.6386044325342002,0.0016505824273809,0.0436072425309281,Up,1.169662755003761
ENSG00000247516.8,MIR4458HG,40.59597457376183,2.438924458675253,1.503928472823097,0.0016537474863151,0.0436250617022538,Up,2.438924458675253
ENSG00000272333.8,KMT2B,1518.142536346915,0.3605297464211434,0.1544812629778828,0.0016617185046527,0.043676459578243,Up,0.3605297464211434
ENSG00000001497.18,LAS1L,763.182219451861,0.3874623510694995,0.1719648262529413,0.0016631764408933,0.043676459578243,Up,0.3874623510694995
ENSG00000106009.16,BRAT1,553.3391757026475,0.5593946008261808,0.2734892360166562,0.0016705981162176,0.0438056835384259,Up,0.5593946008261808
ENSG00000231772.5,ENSG00000231772,8.942400057325338,2.667622188877974,1.378880194574139,0.0016763822551312,0.0438916466081905,Up,2.667622188877974
ENSG00000145824.13,CXCL14,571.9008418725999,1.529417485714658,0.872468754626987,0.0016919555016725,0.0442332724885025,Up,1.529417485714658
ENSG00000148290.10,SURF1,562.8477573669416,0.4281771588918537,0.1963429806322255,0.0016982728214437,0.0442948506964514,Up,0.4281771588918537
ENSG00000111199.12,TRPV4,26.74153784000673,1.87355825916628,1.087510776440542,0.0017069550251258,0.0442948506964514,Up,1.87355825916628
ENSG00000196642.19,RABL6,1162.788055441861,0.37173367830296,0.1639078963560066,0.001714158241356,0.0444159700526524,Up,0.37173367830296
ENSG00000291072.1,ENSG00000291072,97.50060958044172,0.6686221949199926,0.3418370797217317,0.0017305616804724,0.0447747686782194,Up,0.6686221949199926
ENSG00000228532.4,SUMO2P21,31.60871860604005,1.280935258550695,0.7176748984183892,0.0017498306118387,0.0452065383436112,Up,1.280935258550695
ENSG00000102743.16,SLC25A15,484.6329688132169,0.3438587879917835,0.1489069348047885,0.0017593148298865,0.0452194255803845,Up,0.3438587879917835
ENSG00000174672.16,BRSK2,2055.967325453719,0.317853392573259,0.1335112125468969,0.0017620191098983,0.0452194255803845,Up,0.317853392573259
ENSG00000174156.15,GSTA3,27.35356899260802,2.087664595747305,1.245452202730929,0.0017647345171762,0.0452194255803845,Up,2.087664595747305
ENSG00000130653.16,PNPLA7,100.8471562473255,0.7693496910254422,0.4067832048101891,0.0017657677569862,0.0452194255803845,Up,0.7693496910254422
ENSG00000229921.7,KIF25-AS1,46.35737321821008,1.07949808239915,0.5960120132962353,0.0017658190852353,0.0452194255803845,Up,1.07949808239915
ENSG00000119866.22,BCL11A,738.5731563783739,0.7598229076948436,0.4030537613491443,0.0017899461011324,0.045570778935226,Up,0.7598229076948436
ENSG00000128185.10,DGCR6L,1097.025303420654,0.2665384792107455,0.1073067163070621,0.0018034572272207,0.045848123065309,Up,0.2665384792107455
ENSG00000176155.21,CCDC57,468.9620783235286,0.5373573230587596,0.2657400394996658,0.0018174000361,0.0459480806767476,Up,0.5373573230587596
ENSG00000204969.7,PCDHA2,255.6574325927319,1.315943815042849,0.7637818379924806,0.0018177617006042,0.0459480806767476,Up,1.315943815042849
ENSG00000156469.9,MTERF3,281.8145013789967,0.4426879925095668,0.2080124694676172,0.0018178819313191,0.0459480806767476,Up,0.4426879925095668
ENSG00000104936.20,DMPK,1239.416148747868,0.4498877007013199,0.2141529423328024,0.0018976290869268,0.0473488192116973,Up,0.4498877007013199
ENSG00000274471.3,ENSG00000274471,22.47720562223967,1.200775972991771,0.6766093142334286,0.0019006314948966,0.0473562749140959,Up,1.200775972991771
ENSG00000099904.16,ZDHHC8,496.2291339866443,0.4253253276813336,0.1996313298438375,0.0019112458580219,0.0474824533484219,Up,0.4253253276813336
ENSG00000122386.11,ZNF205,374.4050536783911,0.411409187213321,0.1919276484759364,0.001946616230722,0.0481595055046995,Up,0.411409187213321
ENSG00000174948.6,GPR149,11.40686360233407,2.112021636337728,1.201158959330461,0.0019669572152689,0.0485256656093676,Up,2.112021636337728
ENSG00000174276.7,ZNHIT2,60.21405974221903,0.8175894669934511,0.4514284805148025,0.0019931925324172,0.0490347758396344,Up,0.8175894669934511
ENSG00000125787.11,GNRH2,86.27212766362064,1.606350889031833,0.9979496388796312,0.0020004719403519,0.0491448338109472,Up,1.606350889031833
ENSG00000197150.13,ABCB8,1018.917564963204,0.303748532255805,0.1293597923927346,0.0020043687959459,0.0491716020025065,Up,0.303748532255805
ENSG00000135312.7,HTR1B,558.0664550704253,0.8658516457687113,0.4895257320440857,0.0020216297464486,0.0495256876067062,Up,0.8658516457687113
ENSG00000169116.11,PARM1,2535.643785661165,0.6979460819067108,0.3795336199025821,0.0020272794255169,0.049540647301348,Up,0.6979460819067108
ENSG00000217330.1,SSXP10,28.6932864728761,1.701172790906834,1.04558679484265,0.0020319302275998,0.0495700415969896,Up,1.701172790906834
ENSG00000224975.1,INE1,37.8297189947581,0.9319958643983546,0.5290466455097037,0.0020509161448019,0.0498786332115595,Up,0.9319958643983546
