SUID,shared name,name,selected,stringdb::canonical name,stringdb::node color,display name,stringdb::full name,stringdb::database identifier,stringdb::description,@id,stringdb::namespace,stringdb::node type,query term,stringdb::sequence,stringdb::species
190210,9606.ENSP00000431885,9606.ENSP00000431885,False,TYK2_HUMAN,"rgb(234,239,117)",TYK2,,9606.ENSP00000431885,Non-receptor tyrosine-protein kinase TYK2; Probably involved in intracellular signal transduction by being involved in the initiation of type I IFN signaling. Phosphorylates the interferon-alpha/beta receptor alpha chain.,stringdb:9606.ENSP00000431885,stringdb,protein,TYK2,MPLRHWGMARGSKPVGDGAQPMAAMGGLKVLLHWAGPGGGEPWVTFSESSLTAEEVCIHIAHKVGITPPCFNLFALFDAQAQVWLPPNHILEIPRDASLMLYFRIRFYFRNWHGMNPREPAVYRCGPPGTEASSDQTAQGMQLLDPASFEYLFEQGKHEFVNDVASLWELSTEEEIHHFKNESLGMAFLHLCHLALRHGIPLEEVAKKTSFKDCIPRSFRRHIRQHSALTRLRLRNVFRRFLRDFQPGRLSQQMVMVKYLATLERLAPRFGTERVPVCHLRLLAQAEGEPCYIRDSGVAPTDPGPESAAGPPTHEVLVTGTGGIQWWPVEEEVNKEEGSSGSSGRNPQASLFGKKAKAHKAVGQPADRPREPLWAYFCDFRDITHVVLKEHCVSIHRQDNKCLELSLPSRAAALSFVSLVDGYFRLTADSSHYLCHEVAPPRLVMSIRDGIHGPLLEPFVQAKLRPEDGLYLIHWSTSHPYRLILTVAQRSQAPDGMQSLRLRKFPIEQQDGAFVLEGWGRSFPSVRELGAALQGCLLRAGDDCFSLRRCCLPQPGETSNLIIMRGARASPRTLNLSQLSFHRVDQKEITQLSHLGQGTRTNVYEGRLRVEGSGDPEEGKMDDEDPLVPGRDRGQELRVVLKVLDPSHHDIALAFYETASLMSQVSHTHLAFVHGVCVRGPENIMVTEYVEHGPLDVWLRRERGHVPMAWKMVVAQQLASALSYLENKNLVHGNVCGRNILLARLGLAEGTSPFIKLSDPGVGLGALSREERVERIPWLAPECLPGGANSLSTAMDKWGFGATLLEICFDGEAPLQSRSPSEKEHFYQRQHRLPEPSCPQLATLTSQCLTYEPTQRPSFRTILRDLTRLQPHNLADVLTVNPDSPASDPTVFHKRYLKKIRDLGEGHFGKVSLYCYDPTNDGTGEMVAVKALKADCGPQHRSGWKQEIDILRTLYHEHIIKYKGCCEDQGEKSLQLVMEYVPLGSLRDYLPRHSIGLAQLLLFAQQICEGMAYLHAQHYIHRDLAARNVLLDNDRLVKIGDFGLAKAVPEGHEYYRVREDGDSPVFWYAPECLKEYKFYYASDVWSFGVTLYELLTHCDSSQSPPTKFLELIGIAQGQMTVLRLTELLERGERLPRPDKCPCEVYHLMKNCWETEASFRPTFENLIPILKTVHEKYQGQAPSVFSVC,Homo sapiens
190465,9606.ENSP00000313875,9606.ENSP00000313875,False,MCP_HUMAN,"rgb(216,239,117)",CD46,,9606.ENSP00000313875,"Membrane cofactor protein; Acts as a cofactor for complement factor I, a serine protease which protects autologous cells against complement-mediated injury by cleaving C3b and C4b deposited on host tissue. May be involved in the fusion of the spermatozoa with the oocyte during fertilization. Also acts as a costimulatory factor for T-cells which induces the differentiation of CD4+ into T-regulatory 1 cells. T-regulatory 1 cells suppress immune responses by secreting interleukin-10, and therefore are thought to prevent autoimmunity. (Microbial infection) Acts as a receptor for Adenovirus [...] ",stringdb:9606.ENSP00000313875,stringdb,protein,CD46,MEPPGRRECPFPSWRFPGLLLAAMVLLLYSFSDACEEPPTFEAMELIGKPKPYYEIGERVDYKCKKGYFYIPPLATHTICDRNHTWLPVSDDACYRETCPYIRDPLNGQAVPANGTYEFGYQMHFICNEGYYLIGEEILYCELKGSVAIWSGKPPICEKVLCTPPPKIKNGKHTFSEVEVFEYLDAVTYSCDPAPGPDPFSLIGESTIYCGDNSVWSRAAPECKVVKCRFPVVENGKQISGFGKKFYYKATVMFECDKGFYLDGSDTIVCDSNSTWDPPVPKCLKVLPPSSTKPPALSHSVSTSSTTKSPASSASGPRPTYKPPVSNYPGYPKPEEGILDSLDVWVIAVIVIAIVVGVAVICVVPYRYLQRRKKKGKADGGAEYATYQTKSTTPAEQRG,Homo sapiens
189703,9606.ENSP00000312535,9606.ENSP00000312535,False,LRFN4_HUMAN,"rgb(117,227,239)",LRFN4,,9606.ENSP00000312535,Leucine-rich repeat and fibronectin type-III domain-containing protein 4; Promotes neurite outgrowth in hippocampal neurons. May play a role in redistributing DLG4 to the cell periphery (By similarity). Belongs to the LRFN family.,stringdb:9606.ENSP00000312535,stringdb,protein,LRFN4,MAPPLLLLLLASGAAACPLPCVCQNLSESLSTLCAHRGLLFVPPNVDRRTVELRLADNFIQALGPPDFRNMTGLVDLTLSRNAITRIGARAFGDLESLRSLHLDGNRLVELGTGSLRGPVNLQHLILSGNQLGRIAPGAFDDFLESLEDLDLSYNNLRQVPWAGIGAMPALHTLNLDHNLIDALPPGAFAQLGQLSRLDLTSNRLATLAPDPLFSRGRDAEASPAPLVLSFSGNPLHCNCELLWLRRLARPDDLETCASPPGLAGRYFWAVPEGEFSCEPPLIARHTQRLWVLEGQRATLRCRALGDPAPTMHWVGPDDRLVGNSSRARAFPNGTLEIGVTGAGDAGGYTCIATNPAGEATARVELRVLALPHGGNSSAEGGRPGPSDIAASARTAAEGEGTLESEPAVQVTEVTATSGLVSWGPGRPADPVWMFQIQYNSSEDETLIYRIVPASSHHFLLKHLVPGADYDLCLLALSPAAGPSDLTATRLLGCAHFSTLPASPLCHALQAHVLGGTLTVAVGGVLVAALLVFTVALLVRGRGAGNGRLPLKLSHVQSQTNGGPSPTPKAHPPRSPPPRPQRSCSLDLGDAGCYGYARRLGGAWARRSHSVHGGLLGAGCRGVGGSAERLEESVV,Homo sapiens
190471,9606.ENSP00000328854,9606.ENSP00000328854,False,NOC4L_HUMAN,"rgb(194,239,117)",NOC4L,,9606.ENSP00000328854,Nucleolar complex associated 4 homolog; Belongs to the CBF/MAK21 family.,stringdb:9606.ENSP00000328854,stringdb,protein,NOC4L,MEREPGAAGVRRALGRRLEAVLASRSEANAVFDILAVLQSEDQEEIQEAVRTCSRLFGALLERGELFVGQLPSEEMVMTGSQGATRKYKVWMRHRYHSCCNRLGELLGHPSFQVKELALSALLKFVQLEGAHPLEKSKWEGNYLFPRELFKLVVGGLLSPEEDQSLLLSQFREYLDYDDTRYHTMQAAVDAVARVTGQHPEVPPAFWNNAFTLLSAVSLPRREPTVSSFYVKRAELWDTWKVAHLKEHRRVFQAMWLSFLKHKLPLSLYKKVLLIVHDAILPQLAQPTLMIDFLTRACDLGGALSLLALNGLFILIHKHNLEYPDFYRKLYGLLDPSVFHVKYRARFFHLADLFLSSSHLPAYLVAAFAKRLARLALTAPPEALLMVLPFICNLLRRHPACRVLVHRPHGPELDADPYDPGEEDPAQSRALESSLWELQALQRHYHPEVSKAASVINQALSMPEVSIAPLLELTAYEIFERDLKKKGPEPVPLEFIPAQGLLGRPGELCAQHFTLS,Homo sapiens
189700,9606.ENSP00000248668,9606.ENSP00000248668,False,LRFN1_HUMAN,"rgb(117,223,239)",LRFN1,,9606.ENSP00000248668,"Leucine-rich repeat and fibronectin type III domain-containing protein 1; Promotes neurite outgrowth in hippocampal neurons. Involved in the regulation and maintenance of excitatory synapses. Induces the clustering of excitatory postsynaptic proteins, including DLG4, DLGAP1, GRIA1 and GRIN1 (By similarity).",stringdb:9606.ENSP00000248668,stringdb,protein,LRFN1,MAPGPFSSALLSPPPAALPFLLLLWAGASRGQPCPGRCICQNVAPTLTMLCAKTGLLFVPPAIDRRVVELRLTDNFIAAVRRRDFANMTSLVHLTLSRNTIGQVAAGAFADLRALRALHLDSNRLAEVRGDQLRGLGNLRHLILGNNQIRRVESAAFDAFLSTVEDLDLSYNNLEALPWEAVGQMVNLNTLTLDHNLIDHIAEGTFVQLHKLVRLDMTSNRLHKLPPDGLFLRSQGTGPKPPTPLTVSFGGNPLHCNCELLWLRRLTREDDLETCATPEHLTDRYFWSIPEEEFLCEPPLITRQAGGRALVVEGQAVSLRCRAVGDPEPVVHWVAPDGRLLGNSSRTRVRGDGTLDVTITTLRDSGTFTCIASNAAGEATAPVEVCVVPLPLMAPPPAAPPPLTEPGSSDIATPGRPGANDSAAERRLVAAELTSNSVLIRWPAQRPVPGIRMYQVQYNSSVDDSLVYRMIPSTSQTFLVNDLAAGRAYDLCVLAVYDDGATALPATRVVGCVQFTTAGDPAPCRPLRAHFLGGTMIIAIGGVIVASVLVFIVLLMIRYKVYGDGDSRRVKGSRSLPRVSHVCSQTNGAGTGAAQAPALPAQDHYEALREVESQAAPAVAVEAKAMEAETASAEPEVVLGRSLGGSATSLCLLPSEETSGEESRAAVGPRRSRSGALEPPTSAPPTLALVPGGAAARPRPQQRYSFDGDYGALFQSHSYPRRARRTKRHRSTPHLDGAGGGAAGEDGDLGLGSARACLAFTSTEWMLESTV,Homo sapiens
190468,9606.ENSP00000295522,9606.ENSP00000295522,False,CLD1_HUMAN,"rgb(255,175,101)",CLDN1,,9606.ENSP00000295522,"Claudin-1; Claudins function as major constituents of the tight junction complexes that regulate the permeability of epithelia. While some claudin family members play essential roles in the formation of impermeable barriers, others mediate the permeability to ions and small molecules. Often, several claudin family members are coexpressed and interact with each other, and this determines the overall permeability. CLDN1 is required to prevent the paracellular diffusion of small molecules through tight junctions in the epidermis and is required for the normal barrier function of the skin. [...] ",stringdb:9606.ENSP00000295522,stringdb,protein,CLDN1,MANAGLQLLGFILAFLGWIGAIVSTALPQWRIYSYAGDNIVTAQAMYEGLWMSCVSQSTGQIQCKVFDSLLNLSSTLQATRALMVVGILLGVIAIFVATVGMKCMKCLEDDEVQKMRMAVIGGAIFLLAGLAILVATAWYGNRIVQEFYDPMTPVNARYEFGQALFTGWAAASLCLLGGALLCCSCPRKTTSYPTPRPYPKPAPSSGKDYV,Homo sapiens
190213,9606.ENSP00000450565,9606.ENSP00000450565,False,I11RA_HUMAN,"rgb(117,239,153)",IL11RA,,9606.ENSP00000450565,"Interleukin-11 receptor subunit alpha; Receptor for interleukin-11. The receptor systems for IL6, LIF, OSM, CNTF, IL11 and CT1 can utilize IL6ST for initiating signal transmission. The IL11/IL11RA/IL6ST complex may be involved in the control of proliferation and/or differentiation of skeletogenic progenitor or other mesenchymal cells. Essential for the normal development of craniofacial bones and teeth. Restricts suture fusion and tooth number.",stringdb:9606.ENSP00000450565,stringdb,protein,IL11RA,MSSSCSGLSRVLVAVATALVSASSPCPQAWGPPGVQYGQPGRSVKLCCPGVTAGDPVSWFRDGEPKLLQGPDSGLGHELVLAQADSTDEGTYICQTLDGALGGTVTLQLGYPPARPVVSCQAADYENFSCTWSPSQISGLPTRYLTSYRKKTVLGADSQRRSPSTGPWPCPQDPLGAARCVVHGAEFWSQYRINVTEVNPLGASTRLLDVSLQSILRPDPPQGLRVESVPGYPRRLRASWTYPASWPCQPHFLLKFRLQYRPAQHPAWSTVEPAGLEEVITDAVAGLPHAVRVSARDFLDAGTWSTWSPEAWGTPSTGTIPKEIPAWGQLHTQPEVEPQVDSPAPPRPSLQPHPRLLDHRDSVEQVAVLASLGILSFLGLVAGALALGLWLRLRRGGKDGSPKPGFLASVIPVDRRPGAPNL,Homo sapiens
190474,9606.ENSP00000360660,9606.ENSP00000360660,False,NPDC1_HUMAN,"rgb(154,239,117)",NPDC1,,9606.ENSP00000360660,Neural proliferation differentiation and control protein 1; Suppresses oncogenic transformation in neural and non-neural cells and down-regulates neural cell proliferation. Might be involved in transcriptional regulation (By similarity); Belongs to the NPDC1/cab-1 family.,stringdb:9606.ENSP00000360660,stringdb,protein,NPDC1,MATPLPPPSPRHLRLLRLLLSGLVLGAALRGAAAGHPDVAACPGSLDCALKRRARCPPGAHACGPCLQPFQEDQQGLCVPRMRRPPGGGRPQPRLEDEIDFLAQELARKESGHSTPPLPKDRQRLPEPATLGFSARGQGLELGLPSTPGTPTPTPHTSLGSPVSSDPVHMSPLEPRGGQGDGLALVLILAFCVAGAAALSVASLCWCRLQREIRLTQKADYATAKAPGSPAAPRISPGDQRLAQSAEMYHYQHQRQQMLCLERHKEPPKELDTASSDEENEDGDFTVYECPGLAPTGEMEVRNPLFDHAALSAPLPAPSSPPALP,Homo sapiens
189964,9606.ENSP00000491427,9606.ENSP00000491427,False,INT6L_HUMAN,"rgb(117,239,182)",INTS6L,,9606.ENSP00000491427,Integrator complex subunit 6 like.,stringdb:9606.ENSP00000491427,stringdb,protein,INTS6L,MPILLFLIDTSASMNQRTDLGTSYLDIAKGAVELFLKLRARDPASRGDRYMLVTYDEPPYCIKAGWKENHATFMSELKNLQASGLTTLGQALRSSFDLLNLNRLISGIDNYGQGRNPFFLEPSILITITDGNKLTSTAGVQEELHLPLNSPLPGSELTKEPFRWDQRLFALVLRLPGVASTEPEQLGSVPTDESAITQMCEVTGGRSYCVRTQRMLNQCLESLVQKVQSGVVINFEKTGPDPLPIGEDGLMDSSRPSNSFAAQPWHSCHKLIYVRPNSKTGVPVGHWPIPESFWPDQNLPSLPPRTSHPVVRFSCVDCEPMVIDKLPFDKYELEPSPLTQYILERKSPHTCWQVFVTSSGKYNELGYPFGYLKASTTLTCVNLFVMPYNYPVLLPLLDDLFKVHKLKPNLKWRQAFDSYLKTLPPYYLLPLKKALRMMGAPNLISDNLDCGLSYSVISYLKKLSQQTKLESERILASVGKKPPQEIGIKVKNHSGGGMSLTHNKNFRKLLKEITGETALRLTELNTKEFAGFQIGLLNKDLKPQTYRNAYDIPRRGLLDQLTRMRSNLLKTHKFIVGQDEDSLHSVPVAQMGNYQEYLKTLASPLREIDPDQPKRLHTFGNPFKQDKKGMMIDEADEFVAGPQNKVKRPGEPNSPMSSKRRRSMSLLLRKPQTPPTVTNHVGGKGPPSASWFPSYPNLIKPTLVHTDATIIHDGHEEKMENGQITPDGFLSKSAPSELINMTGDLMPPNQVDSLSDDFTSLSKDGLIQKPGSNAFVGGAKNCSLSVDDQKDPVASTLGAMPNTLQITPAMAQGINADIKHQLMKEVRKFGRKYERIFILLEEVQGPLEMKKQFVEFTIKEAARFKRRVLIQYLEKVLEKINSHHLHNNISHINSRSSC,Homo sapiens
190477,9606.ENSP00000328336,9606.ENSP00000328336,False,CEND_HUMAN,"rgb(239,150,117)",CEND1,,9606.ENSP00000328336,Cell cycle exit and neuronal differentiation protein 1; Involved in neuronal differentiation.,stringdb:9606.ENSP00000328336,stringdb,protein,CEND1,MESRGKSASSPKPDTKVPQVTTEAKVPPAADGKAPLTKPSKKEAPAEKQQPPAAPTTAPAKKTSAKADPALLNNHSNLKPAPTVPSSPDATPEPKGPGDGAEEDEAASGGPGGRGPWSCENFNPLLVAGGVAVAAIALILGVAFLVRKK,Homo sapiens
189970,9606.ENSP00000403683,9606.ENSP00000403683,False,SOSB2_HUMAN,"rgb(117,205,239)",NABP1,,9606.ENSP00000403683,"SOSS complex subunit B2; Component of the SOSS complex, a multiprotein complex that functions downstream of the MRN complex to promote DNA repair and G2/M checkpoint. In the SOSS complex, acts as a sensor of single-stranded DNA that binds to single-stranded DNA, in particular to polypyrimidines. The SOSS complex associates with DNA lesions and influences diverse endpoints in the cellular DNA damage response including cell-cycle checkpoint activation, recombinational repair and maintenance of genomic stability. Required for efficient homologous recombination-dependent repair of double-s [...] ",stringdb:9606.ENSP00000403683,stringdb,protein,NABP1,MNRVNDPLIFIRDIKPGLKNLNVVFIVLEIGRVTKTKDGHEVRSCKVADKTGSITISVWDEIGGLIQPGDIIRLTRGYASMWKGCLTLYTGRGGELQKIGEFCMVYSEVPNFSEPNPDYRGQQNKGAQSEQKNNSMNSNMGTGTFGPVGNGVHTGPESREHQFSHAGRSNGRGLINPQLQGTASNQTVMTTISNGRDPRRAFKR,Homo sapiens
190483,9606.ENSP00000426119,9606.ENSP00000426119,False,CRIP2_HUMAN,"rgb(190,239,117)",CRIP2,,9606.ENSP00000426119,Cysteine rich protein 2.,stringdb:9606.ENSP00000426119,stringdb,protein,CRIP2,MPPHHLLPWLAQVPSAEGELVRLVSRAGGRGACFWPAVTMEMAVAAGCVCKGGGCCHREPSQDHHESQEHRGPLVGSQTCLVHQAEGTAEKVSSLGKDWHKFCLKCERCSKTLTPGGHAEHDGKPFCHKPCYATLFGPKGVNIGGAGSYIYEKPLAEGPQVTGPIEVPAARAEERKASGPPKGPSRASSVTTFTGEPNTCPRCSKKVYFAEKVTSLGKDWHRPCLRCERCGKTLTPGGHAEHDGQPYCHKPCYGILFGPKGVNTGAVGSYIYDRDPEGKVQP,Homo sapiens
190480,9606.ENSP00000361112,9606.ENSP00000361112,False,CRDL1_HUMAN,"rgb(239,212,117)",CHRDL1,,9606.ENSP00000361112,Chordin-like protein 1; Antagonizes the function of BMP4 by binding to it and preventing its interaction with receptors. Alters the fate commitment of neural stem cells from gliogenesis to neurogenesis. Contributes to neuronal differentiation of neural stem cells in the brain by preventing the adoption of a glial fate. May play a crucial role in dorsoventral axis formation. May play a role in embryonic bone formation (By similarity). May also play an important role in regulating retinal angiogenesis through modulation of BMP4 actions in endothelial cells. Plays a role during anterior s [...] ,stringdb:9606.ENSP00000361112,stringdb,protein,CHRDL1,MRKKWKMGGMKYIFSLLFFLLLEGGKTEQVKHSETYCMFQDKKYRVGERWHPYLEPYGLVYCVNCICSENGNVLCSRVRCPNVHCLSPVHIPHLCCPRCPEDSLPPVNNKVTSKSCEYNGTTYQHGELFVAEGLFQNRQPNQCTQCSCSEGNVYCGLKTCPKLTCAFPVSVPDSCCRVCRGDGELSWEHSDGDIFRQPANREARHSYHRSHYDPPPSRQAGGLSRFPGARSHRGALMDSQQASGTIVQIVINNKHKHGQVCVSNGKTYSHGESWHPNLRAFGIVECVLCTCNVTKQECKKIHCPNRYPCKYPQKIDGKCCKVCPGKKAKEELPGQSFDNKGYFCGEETMPVYESVFMEDGETTRKIALETERPPQVEVHVWTIRKGILQHFHIEKISKRMFEELPHFKLVTRTTLSQWKIFTEGEAQISQMCSSRVCRTELEDLVKVLYLERSEKGHC,Homo sapiens
190486,9606.ENSP00000327487,9606.ENSP00000327487,False,SEN54_HUMAN,"rgb(14,178,0)",TSEN54,,9606.ENSP00000327487,"tRNA-splicing endonuclease subunit Sen54; Non-catalytic subunit of the tRNA-splicing endonuclease complex, a complex responsible for identification and cleavage of the splice sites in pre-tRNA. It cleaves pre-tRNA at the 5' and 3' splice sites to release the intron. The products are an intron and two tRNA half-molecules bearing 2',3' cyclic phosphate and 5'-OH termini. There are no conserved sequences at the splice sites, but the intron is invariably located at the same site in the gene, placing the splice sites an invariant distance from the constant structural features of the tRNA bo [...] ",stringdb:9606.ENSP00000327487,stringdb,protein,TSEN54,MEPEPEPAAVEVPAGRVLSARELFAARSRSQKLPQRSHGPKDFLPDGSAAQAERLRRCREELWQLLAEQRVERLGSLVAAEWRPEEGFVELKSPAGKFWQTMGFSEQGRQRLHPEEALYLLECGSIHLFHQDLPLSIQEAYQLLLTDHTVTFLQYQVFSHLKRLGYVVRRFQPSSVLSPYERQLNLDASVQHLEDGDGKRKRSSSSPRSINKKAKALDNSLQPKSLAASSPPPCSQPSQCPEEKPQESSPMKGPGGPFQLLGSLGPSPGPAREGVGCSWESGRAENGVTGAGKRRWNFEQISFPNMASDSRHTLLRAPAPELLPANVAGRETDAESWCQKLNQRKEKLSRREREHHAEAAQFQEDVNADPEVQRCSSWREYKELLQRRQVQRSQRRAPHLWGQPVTPLLSPGQASSPAVVLQHISVLQTTHLPDGGARLLEKSGGLEIIFDVYQADAVATFRKNNPGKPYARMCISGFDEPVPDLCSLKRLSYQSGDVPLIFALVDHGDISFYSFRDFTLPQDVGH,Homo sapiens
190234,9606.ENSP00000306884,9606.ENSP00000306884,False,CXL11_HUMAN,"rgb(117,234,239)",CXCL11,,9606.ENSP00000306884,"C-X-C motif chemokine 11; Chemotactic for interleukin-activated T-cells but not unstimulated T-cells, neutrophils or monocytes. Induces calcium release in activated T-cells. Binds to CXCR3. May play an important role in CNS diseases which involve T-cell recruitment. May play a role in skin immune responses; Belongs to the intercrine alpha (chemokine CxC) family.",stringdb:9606.ENSP00000306884,stringdb,protein,CXCL11,MSVKGMAIALAVILCATVVQGFPMFKRGRCLCIGPGVKAVKVADIEKASIMYPSNNCDKIEVIITLKENKGQRCLNPKSKQARLIIKKVERKNF,Homo sapiens
189976,9606.ENSP00000324532,9606.ENSP00000324532,False,LAMA3_HUMAN,"rgb(117,121,239)",LAMA3,,9606.ENSP00000324532,"Laminin subunit alpha-3; Binding to cells via a high affinity receptor, laminin is thought to mediate the attachment, migration and organization of cells into tissues during embryonic development by interacting with other extracellular matrix components.",stringdb:9606.ENSP00000324532,stringdb,protein,LAMA3,MAAAARPRGRALGPVLPPTPLLLLVLRVLPACGATARDPGAAAGLSLHPTYFNLAEAARIWATATCGERGPGEGRPQPELYCKLVGGPTAPGSGHTIQGQFCDYCNSEDPRKAHPVTNAIDGSERWWQSPPLSSGTQYNRVNLTLDLGQLFHVAYILIKFANSPRPDLWVLERSVDFGSTYSPWQYFAHSKVDCLKEFGREANMAVTRDDDVLCVTEYSRIVPLENGEVVVSLINGRPGAKNFTFSHTLREFTKATNIRLRFLRTNTLLGHLISKAQRDPTVTRRYYYSIKDISIGGQCVCNGHAEVCNINNPEKLFRCECQHHTCGETCDRCCTGYNQRRWRPAAWEQSHECEACNCHGHASNCYYDPDVERQQASLNTQGIYAGGGVCINCQHNTAGVNCEQCAKGYYRPYGVPVDAPDGCIPCSCDPEHADGCEQGSGRCHCKPNFHGDNCEKCAIGYYNFPFCLRIPIFPVSTPSSEDPVAGDIKGCDCNLEGVLPEICDAHGRCLCRPGVEGPRCDTCRSGFYSFPICQACWCSALGSYQMPCSSVTGQCECRPGVTGQRCDRCLSGAYDFPHCQGSSSACDPAGTINSNLGYCQCKLHVEGPTCSRCKLLYWNLDKENPSGCSECKCHKAGTVSGTGECRQGDGDCHCKSHVGGDSCDTCEDGYFALEKSNYFGCQGCQCDIGGALSSMCSGPSGVCQCREHVVGKVCQRPENNYYFPDLHHMKYEIEDGSTPNGRDLRFGFDPLAFPEFSWRGYAQMTSVQNDVRITLNVGKSSGSLFRVILRYVNPGTEAVSGHITIYPSWGAAQSKEIIFLPSKEPAFVTVPGNGFADPFSITPGIWVACIKAEGVLLDYLVLLPRDYYEASVLQLPVTEPCAYAGPPQENCLLYQHLPVTRFPCTLACEARHFLLDGEPRPVAVRQPTPAHPVMVDLSGREVELHLRLRIPQVGHYVVVVEYSTEAAQLFVVDVNVKSSGSVLAGQVNIYSCNYSVLCRSAVIDHMSRIAMYELLADADIQLKGHMARFLLHQVCIIPIEEFSAEYVRPQVHCIASYGRFVNQSATCVSLAHETPPTALILDVLSGRPFPHLPQQSSPSVDVLPGVTLKAPQNQVTLRGRVPHLGRYVFVIHFYQAAHPTFPAQVSVDGGWPRAGSFHASFCPHVLGCRDQVIAEGQIEFDISEPEVAATVKVPEGKSLVLVRVLVVPAENYDYQILHKKSMDKSLEFITNCGKNSFYLDPQTASRFCKNSARSLVAFYHKGALPCECHPTGATGPHCSPEGGQCPCQPNVIGRQCTRCATGHYGFPRCKPCSCGRRLCEEMTGQCRCPPRTVRPQCEVCETHSFSFHPMAGCEGCNCSRRGTIEAAMPECDRDSGQCRCKPRITGRQCDRCASGFYRFPECVPCNCNRDGTEPGVCDPGTGACLCKENVEGTECNVCREGSFHLDPANLKGCTSCFCFGVNNQCHSSHKRRTKFVDMLGWHLETADRVDIPVSFNPGSNSMVADLQELPATIHSASWVAPTSYLGDKVSSYGGYLTYQAKSFGLPGDMVLLEKKPDVQLTGQHMSIIYEETNTPRPDRLHHGRVHVVEGNFRHASSRAPVSREELMTVLSRLADVRIQGLYFTETQRLTLSEVGLEEASDTGSGRIALAVEICACPPAYAGDSCQGCSPGYYRDHKGLYTGRCVPCNCNGHSNQCQDGSGICVNCQHNTAGEHCERCQEGYYGNAVHGSCRACPCPHTNSFATGCVVNGGDVRCSCKAGYTGTQCERCAPGYFGNPQKFGGSCQPCSCNSNGQLGSCHPLTGDCINQEPKDSSPAEECDDCDSCVMTLLNDLATMGEQLRLVKSQLQGLSASAGLLEQMRHMETQAKDLRNQLLNYRSAISNHGSKIEGLERELTDLNQEFETLQEKAQVNSRKAQTLNNNVNRATQSAKELDVKIKNVIRNVHILLKQISGTDGEGNNVPSGDFSREWAEAQRMMRELRNRNFGKHLREAEADKRESQLLLNRIRTWQKTHQGENNGLANSIRDSLNEYEAKLSDLRARLQEAAAQAKQANGLNQENERALGAIQRQVKEINSLQSDFTKYLTTADSSLLQTNIALQLMEKSQKEYEKLAASLNEARQELSDKVRELSRSAGKTSLVEEAEKHARSLQELAKQLEEIKRNASGDELVRCAVDAATAYENILNAIKAAEDAANRAASASESALQTVIKEDLPRKAKTLSSNSDKLLNEAKMTQKKLKQEVSPALNNLQQTLNIVTVQKEVIDTNLTTLRDGLHGIQRGDIDAMISSAKSMVRKANDITDEVLDGLNPIQTDVERIKDTYGRTQNEDFKKALTDADNSVNKLTNKLPDLWRKIESINQQLLPLGNISDNMDRIRELIQQARDAASKVAVPMRFNGKSGVEVRLPNDLEDLKGYTSLSLFLQRPNSRENGGTENMFVMYLGNKDASRDYIGMAVVDGQLTCVYNLGDREAELQVDQILTKSETKEAVMDRVKFQRIYQFARLNYTKGATSSKPETPGVYDMDGRNSNTLLNLDPENVVFYVGGYPPDFKLPSRLSFPPYKGCIELDDLNENVLSLYNFKKTFNLNTTEVEPCRRRKEESDKNYFEGTGYARVPTQPHAPIPTFGQTIQTTVDRGLLFFAENGDRFISLNIEDGKLMVRYKLNSELPKERGVGDAINNGRDHSIQIKIGKLQKRMWINVDVQNTIIDGEVFDFSTYYLGGIPIAIRERFNISTPAFRGCMKNLKKTSGVVRLNDTVGVTKKCSEDWKLVRSASFSRGGQLSFTDLGLPPTDHLQASFGFQTFQPSGILLDHQTWTRNLQVTLEDGYIELSTSDSGGPIFKSPQTYMDGLLHYVSVISDNSGLRLLIDDQLLRNSKRLKHISSSRQSLRLGGSNFEGCISNVFVQRLSLSPEVLDLTSNSLKRDVSLGGCSLNKPPFLMLLKGSTRFNKTKTFRINQLLQDTPVASPRSVKVWQDACSPLPKTQANHGALQFGDIPTSHLLFKLPQELLKPRSQFAVDMQTTSSRGLVFHTGTKNSFMALYLSKGRLVFALGTDGKKLRIKSKEKCNDGKWHTVVFGHDGEKGRLVVDGLRAREGSLPGNSTISIRAPVYLGSPPSGKPKSLPTNSFVGCLKNFQLDSKPLYTPSSSFGVSSCLGGPLEKGIYFSEEGGHVVLAHSVLLGPEFKLVFSIRPRSLTGILIHIGSQPGKHLCVYLEAGKVTASMDSGAGGTSTSVTPKQSLCDGQWHSVAVTIKQHILHLELDTDSSYTAGQIPFPPASTQEPLHLGGAPANLTTLRIPVWKSFFGCLRNIHVNHIPVPVTEALEVQGPVSLNGCPDQ,Homo sapiens
190489,9606.ENSP00000496150,9606.ENSP00000496150,False,CP2D6_HUMAN,"rgb(0,178,157)",CYP2D6,,9606.ENSP00000496150,"Cytochrome P450 2D6; A cytochrome P450 monooxygenase involved in the metabolism of fatty acids, steroids and retinoids. Mechanistically, uses molecular oxygen inserting one oxygen atom into a substrate, and reducing the second into a water molecule, with two electrons provided by NADPH via cytochrome P450 reductase (NADPH--hemoprotein reductase). Catalyzes the epoxidation of double bonds of polyunsaturated fatty acids (PUFA). Metabolizes endocannabinoid arachidonoylethanolamide (anandamide) to 20-hydroxyeicosatetraenoic acid ethanolamide (20-HETE-EA) and 8,9-, 11,12-, and 14,15-epoxyei [...] ",stringdb:9606.ENSP00000496150,stringdb,protein,CYP2D6,MGLEALVPLAVIVAIFLLLVDLMHRRQRWAARYPPGPLPLPGLGNLLHVDFQNTPYCFDQLRRRFGDVFSLQLAWTPVVVLNGLAAVREALVTHGEDTADRPPVPITQILGFGPRSQGVFLARYGPAWREQRRFSVSTLRNLGLGKKSLEQWVTEEAACLCAAFANHSGRPFRPNGLLDKAVSNVIASLTCGRRFEYDDPRFLRLLDLAQEGLKEESGFLREVLNAVPVLLHIPALAGKVLRFQKAFLTQLDELLTEHRMTWDPAQPPRDLTEAFLAEMEKAKGNPESSFNDENLRIVVADLFSAGMVTTSTTLAWGLLLMILHPDVQRRVQQEIDDVIGQVRRPEMGDQAHMPYTTAVIHEVQRFGDIVPLGVTHMTSRDIEVQGFRIPKGTTLITNLSSVLKDEAVWEKPFRFHPEHFLDAQGHFVKPEAFLPFSAGRRACLGEPLARMELFLFFTSLLQHFSFSVPTGQPRPSHHGVFAFLVSPSPYELCAVPR,Homo sapiens
189982,9606.ENSP00000331608,9606.ENSP00000331608,False,IRX3_HUMAN,"rgb(117,117,239)",IRX3,,9606.ENSP00000331608,"Iroquois-class homeodomain protein IRX-3; Transcription factor involved in SHH-dependent neural patterning. Together with NKX2-2 and NKX6-1 acts to restrict the generation of motor neurons to the appropriate region of the neural tube. Belongs to the class I proteins of neuronal progenitor factors, which are repressed by SHH signals. Involved in the transcriptional repression of MNX1 in non-motor neuron cells. Acts as a regulator of energy metabolism.",stringdb:9606.ENSP00000331608,stringdb,protein,IRX3,MSFPQLGYQYIRPLYPSERPGAAGGSGGSAGARGGLGAGASELNASGSLSNVLSSVYGAPYAAAAAAAAAQGYGAFLPYAAELPIFPQLGAQYELKDSPGVQHPAAAAAFPHPHPAFYPYGQYQFGDPSRPKNATRESTSTLKAWLNEHRKNPYPTKGEKIMLAIITKMTLTQVSTWFANARRRLKKENKMTWAPRSRTDEEGNAYGSEREEEDEEEDEEDGKRELELEEEELGGEEEDTGGEGLADDDEDEEIDLENLDGAATEPELSLAGAARRDGDLGLGPISDSKNSDSEDSSEGLEDRPLPVLSLAPAPPPVAVASPSLPSPPVSLDPCAPAPAPASALQKPKIWSLAETATSPDNPRRSPPGAGGSPPGAAVAPSALQLSPAAAAAAAHRLVSAPLGKFPAWTNRPFPGPPPGPRLHPLSLLGSAPPHLLGLPGAAGHPAAAAAFARPAEPEGGTDRCSALEVEKKLLKTAFQPVPRRPQNHLDAALVLSALSSS,Homo sapiens
190495,9606.ENSP00000262633,9606.ENSP00000262633,False,RBM42_HUMAN,"rgb(117,117,239)",RBM42,,9606.ENSP00000262633,RNA-binding protein 42; Binds (via the RRM domain) to the 3'-untranslated region (UTR) of CDKN1A mRNA.,stringdb:9606.ENSP00000262633,stringdb,protein,RBM42,MAGAGPAPGLPGAGGPVVPGPGAGIPGKSGEERLKEMEAEMALFEQEVLGAPVPGIPTAVPAVPTVPTVPTVEAMQVPAAPVIRPIIATNTYQQVQQTLEARAAAAATVVPPMVGGPPFVGPVGFGPGDRSHLDSPEAREAMFLRRAAVAPQRAPILRPAFVPHVLQRADSALSSAAAGPRPMALRPPHQALVGPPLPGPPGPPMMLPPMARAPGPPLGSMAALRPPLEEPAAPRELGLGLGLGLKEKEEAVVAAAAGLEEASAAVAVGAGGAPAGPAVIGPSLPLALAMPLPEPEPLPLPLEVVRGLLPPLRIPELLSLRPRPRPPRPEPPPGLMALEVPEPLGEDKKKGKPEKLKRCIRTAAGSSWEDPSLLEWDADDFRIFCGDLGNEVNDDILARAFSRFPSFLKAKVIRDKRTGKTKGYGFVSFKDPSDYVRAMREMNGKYVGSRPIKLRKSMWKDRNLDVVRKKQKEKKKLGLR,Homo sapiens
190492,9606.ENSP00000290943,9606.ENSP00000290943,False,AN18B_HUMAN,"rgb(239,201,117)",ANKRD18B,,9606.ENSP00000290943,Ankyrin repeat domain 18B.,stringdb:9606.ENSP00000290943,stringdb,protein,ANKRD18B,MRKLLSFGRRLGQALLSSMDQEYAGRGYHIRDWELRKIHRAAIKGDAAEVEHCLTRRFRDLDVRDRKDRTVLHLACAHGRVQVVTLLLDRKCQINICDRLNRTPLMKAVHCQEEACAIILLKRGANPNIKDIYGNTALHYAVYNEGTSLAERLLSHHANIEALNKEGNTPLLFAINSRRQHMVEFLLKNQANIHAVDNFKRTALILAVQHNLSSIVTLLLQQNIHISSQDMFGQTAEDYAFCCDLRSIQQQILEHKNKMLKNHLRNDNQETAAMKPENLKKRKKRKKLKKRKEGAKAEHNLKVASEEKQERLERSENKQPQDSQSYGKKKDEMFGNFMLKRDIAMLKEELYAIKNDSLRKEKKYIQEIKSITEINANFEKSVRLNEEMITKKVAQYSQQLNDLKAENARLNSKLEKEKHNKERLEAEVESLHSNLATAINEYNEILERKDLELVLWRADDVSRHETMGSNISQLTDKNELLTEQVHKARVKFNTLKGKLRETRDALREKTLALESVQLDLKQAQHRIKEMKQMHPNGEAKESQSIGKQNSSEERIRQRELENLLLERQLEDARKEGDNKEIVINIHRDCLENGKEDLLEERNKELMNEYNYLKEKLLQYEKEKAEREVIVREFQEELVDHLKKFSMSESPLEGTSHCHINLDETWTSKKKLFQVEIQPEEKHEEFRKVFELISLLNYTADQIRKKNRELEEEATGYKKCLEMTINMLNAFANEDFSCHGDLNTDQLKMDILFKKLKQKFDDLMAEKEAVSSKCVNLAKDNEVLHQELLSMGKVQEKCEKLEKDKKMLEEKVLNLKTHMEKDMVELGKVQEYKSELDERAMQAIEKLEEIHLQKQAEYEKQLEQLNKDNTASLKKKELTLKDVECKFSKMKTAYEDVTTELEEYKEAFAVALKANSSMSEKITKSDKKIAVISTKLFMEKERMEYFLSTLPMRPDPELPCVENLNSIELNRKYIPKMAIRIPTSNPQTSNNCKNSLTELLLRWALAPIYFLL,Homo sapiens
190237,9606.ENSP00000353072,9606.ENSP00000353072,False,AT2A3_HUMAN,"rgb(117,194,239)",ATP2A3,,9606.ENSP00000353072,Sarcoplasmic/endoplasmic reticulum calcium ATPase 3; This magnesium-dependent enzyme catalyzes the hydrolysis of ATP coupled with the transport of calcium. Transports calcium ions from the cytosol into the sarcoplasmic/endoplasmic reticulum lumen. Contributes to calcium sequestration involved in muscular excitation/contraction.,stringdb:9606.ENSP00000353072,stringdb,protein,ATP2A3,MEAAHLLPAADVLRHFSVTAEGGLSPAQVTGARERYGPNELPSEEGKSLWELVLEQFEDLLVRILLLAALVSFVLAWFEEGEETTTAFVEPLVIMLILVANAIVGVWQERNAESAIEALKEYEPEMGKVIRSDRKGVQRIRARDIVPGDIVEVAVGDKVPADLRLIEIKSTTLRVDQSILTGESVSVTKHTEAIPDPRAVNQDKKNMLFSGTNITSGKAVGVAVATGLHTELGKIRSQMAAVEPERTPLQRKLDEFGRQLSHAISVICVAVWVINIGHFADPAHGGSWLRGAVYYFKIAVALAVAAIPEGLPAVITTCLALGTRRMARKNAIVRSLPSVETLGCTSVICSDKTGTLTTNQMSVCRMFVVAEADAGSCLLHEFTISGTTYTPEGEVRQGDQPVRCGQFDGLVELATICALCNDSALDYNEAKGVYEKVGEATETALTCLVEKMNVFDTDLQALSRVERAGACNTVIKQLMRKEFTLEFSRDRKSMSVYCTPTRPHPTGQGSKMFVKGAPESVIERCSSVRVGSRTAPLTPTSREQILAKIRDWGSGSDTLRCLALATRDAPPRKEDMELDDCSKFVQYETDLTFVGCVGMLDPPRPEVAACITRCYQAGIRVVMITGDNKGTAVAICRRLGIFGDTEDVAGKAYTGREFDDLSPEQQRQACRTARCFARVEPAHKSRIVENLQSFNEITAMTGDGVNDAPALKKAEIGIAMGSGTAVAKSAAEMVLSDDNFASIVAAVEEGRAIYSNMKQFIRYLISSNVGEVVCIFLTAILGLPEALIPVQLLWVNLVTDGLPATALGFNPPDLDIMEKLPRSPREALISGWLFFRYLAIGVYVGLATVAAATWWFVYDAEGPHINFYQLRNFLKCSEDNPLFAGIDCEVFESRFPTTMALSVLVTIEMCNALNSVSENQSLLRMPPWMNPWLLVAVAMSMALHFLILLVPPLPLIFQVTPLSGRQWVVVLQISLPVILLDEALKYLSRNHMHACLYPGLLRTVSQAWSRQPLTTSWTPDHTGLASLGQGHSIVSLSELLREGGSREEMSQK,Homo sapiens
190498,9606.ENSP00000391200,9606.ENSP00000391200,False,ZN692_HUMAN,"rgb(117,239,117)",ZNF692,,9606.ENSP00000391200,Zinc finger protein 692; May be involved in transcriptional regulation.,stringdb:9606.ENSP00000391200,stringdb,protein,ZNF692,MPLVHMASSPAVDVSCRRREKRRQLDARRSKCRIRLGGHMEQWCLLKERLGFSLHSQLAKFLLDRYTSSGCVLCAGPEPLPPKGLQYLVLLSHAHSRECSLVPGLRGPGGQDGGLVWECSAGHTFSWGPSLSPTPSEAPKPASLPHTTRRSWCSEATSGQELADLESEHDERTQEARLPRRVGPPPETFPPPGEEEGEEEEDNDEDEEEMLSDASLWTYSSSPDDSEPDAPRLLPSPVTCTPKEGETPPAPAALSSPLAVPALSASSLSSRAPPPAEVRVQPQLSRTPQAAQQTEALASTGSQAQSAPTPAWDEDTAQIGPKRIRKAAKRELMPCDFPGCGRIFSNRQYLNHHKKYQHIHQKSFSCPEPACGKSFNFKKHLKEHMKLHSDTRDYICEFCARSFRTSSNLVIHRRIHTGEKPLQCEICGFTCRQKASLNWHQRKHAETVAALRFPCEFCGKRFEKPDSVAAHRSKSHPALLLAPQESPSGPLEPCPSISAPGPLGSSEGSRPSASPQAPTLLPQQ,Homo sapiens
190243,9606.ENSP00000331843,9606.ENSP00000331843,False,NPIA1_HUMAN,"rgb(117,168,239)",NPIPA1,,9606.ENSP00000331843,Nuclear pore complex interacting protein family member A1.,stringdb:9606.ENSP00000331843,stringdb,protein,NPIPA1,MFCCLGYEWLSGGCKTWHSAWVINTLADHRHRGTDFGGSPWLLIITVFLRSYKFAISLCTSYLCVSFLKTIFPSQNGHDGSTDVQQRARRSNRRRQEGIKIVLEDIFTLWRQVETKVRAKIRKMKVTTKVNRHDKINGKRKTAKEHLRKLSMKEREHGEKERQVSEAEENGKLDMKEIHTYMEMFQRAQALRRRAEDYYRCKITPSARKPLCNRVRMAAVEHRHSSGLPYWPYLTAETLKNRMGHQPPPPTQQHSIIDNSLSLKTPSECLLTPLPPSALPSADDNLKTPAECLLYPLPPSADDNLKTPPECLLTPLPPSAPPSVDDNLKTPPECVCSLPFHPQRMIISRN,Homo sapiens
190240,9606.ENSP00000489551,9606.ENSP00000489551,False,NRX3A_HUMAN,"rgb(117,117,239)",NRXN3,,9606.ENSP00000489551,Neurexin-3; Neuronal cell surface protein that may be involved in cell recognition and cell adhesion. May mediate intracellular signaling.,stringdb:9606.ENSP00000489551,stringdb,protein,NRXN3,MSSTLHSVFFTLKVSILLGSLLGLCLGLEFMGLPNQWARYLRWDASTRSDLSFQFKTNVSTGLLLYLDDGGVCDFLCLSLVDGRVQLRFSMDCAETAVLSNKQVNDSSWHFLMVSRDRLRTVLMLDGEGQSGELQPQRPYMDVVSDLFLGGVPTDIRPSALTLDGVQAMPGFKGLILDLKYGNSEPRLLGSRGVQMDAEGPCGERPCENGGICFLLDGHPTCDCSTTGYGGKLCSEDVSQDPGLSHLMMSEQAREENVATFRGSEYLCYDLSQNPIQSSSDEITLSFKTWQRNGLILHTGKSADYVNLALKDGAVSLVINLGSGAFEAIVEPVNGKFNDNAWHDVKVTRNLRQVTISVDGILTTTGYTQEDYTMLGSDDFFYVGGSPSTADLPGSPVSNNFMGCLKEVVYKNNDIRLELSRLARIADTKMKIYGEVVFKCENVATLDPINFETPEAYISLPKWNTKRMGSISFDFRTTEPNGLILFTHGKPQERKDARSQKNTKVDFFAVELLDGNLYLLLDMGSGTIKVKATQKKANDGEWYHVDIQRDGRSGTISVNSRRTPFTASGESEILDLEGDMYLGGLPENRAGLILPTELWTAMLNYGYVGCIRDLFIDGRSKNIRQLAEMQNAAGVKSSCSRMSAKQCDSYPCKNNAVCKDGWNRFICDCTGTGYWGRTCEREASILSYDGSMYMKIIMPMVMHTEAEDVSFRFMSQRAYGLLVATTSRDSADTLRLELDGGRVKLMVNLDCIRINCNSSKGPETLYAGQKLNDNEWHTVRVVRRGKSLKLTVDDDVAEGTMVGDHTRLEFHNIETGIMTEKRYISVVPSSFIGHLQSLMFNGLLYIDLCKNGDIDYCELKARFGLRNIIADPVTFKTKSSYLSLATLQAYTSMHLFFQFKTTSPDGFILFNSGDGNDFIAVELVKGYIHYVFDLGNGPNVIKGNSDRPLNDNQWHNVVITRDNSNTHSLKVDTKVVTQVINGAKNLDLKGDLYMAGLAQGMYSNLPKLVASRDGFQGCLASVDLNGRLPDLINDALHRSGQIERGCEGPSTTCQEDSCANQGVCMQQWEGFTCDCSMTSYSGNQCNDPGATYIFGKSGGLILYTWPANDRPSTRSDRLAVGFSTTVKDGILVRIDSAPGLGDFLQLHIEQGKIGVVFNIGTVDISIKEERTPVNDGKYHVVRFTRNGGNATLQVDNWPVNEHYPTGNTDNERFQMVKQKIPFKYNRPVEEWLQEKGRQLTIFNTQAQIAIGGKDKGRLFQGQLSGLYYDGLKVLNMAAENNPNIKINGSVRLVGEVPSILGTTQTTSMPPEMSTTVMETTTTMATTTTRKNRSTASIQPTSDDLVSSAECSSDDEDFVECEPSTDKSLSTSIFEGGYKAHAPKWESKDFRPNKVSETSRTTTTSLSPELIRFTASSSSGMVPKLPAGKMNNRDLKPQPDIVLLPLPTAYELDSTKLKSPLITSPMFRNVPTANPTEPGIRRVPGASEVIRESSSTTGMVVGIVAAAALCILILLYAMYKYRNRDEGSYQVDETRNYISNSAQSNGTLMKEKQQSSKSGHKKQKNKDREYYV,Homo sapiens
189985,9606.ENSP00000378132,9606.ENSP00000378132,False,IRX5_HUMAN,"rgb(117,117,239)",IRX5,,9606.ENSP00000378132,Iroquois-class homeodomain protein IRX-5; Establishes the cardiac repolarization gradient by its repressive actions on the KCND2 potassium-channel gene. Required for retinal cone bipolar cell differentiation. May regulate contrast adaptation in the retina and control specific aspects of visual function in circuits of the mammalian retina (By similarity). Could be involved in the regulation of both the cell cycle and apoptosis in prostate cancer cells. Involved in craniofacial and gonadal development. Modulates the migration of progenitor cell populations in branchial arches and gonads  [...] ,stringdb:9606.ENSP00000378132,stringdb,protein,IRX5,MSYPQGYLYQPSASLALYSCPAYSTSVISGPRTDELGRSSSGSAFSPYAGSTAFTAPSPGYNSHLQYGADPAAAAAAAFSSYVGSPYDHTPGMAGSLGYHPYAAPLGSYPYGDPAYRKNATRDATATLKAWLNEHRKNPYPTKGEKIMLAIITKMTLTQVSTWFANARRRLKKENKMTWTPRNRSEDEEEEENIDLEKNDEDEPQKPEDKGDPEGPEAGGAEQKAASGCERLQGPPTPAGKETEGSLSDSDFKEPPSEGRLDALQGPPRTGGPSPAGPAAARLAEDPAPHYPAGAPAPGPHPAAGEVPPGPGGPSVIHSPPPPPPPAVLAKPKLWSLAEIATSSDKVKDGGGGNEGSPCPPCPGPIAGQALGGSRASPAPAPSRSPSAQCPFPGGTVLSRPLYYTAPFYPGYTNYGSFGHLHGHPGPGPGPTTGPGSHFNGLNQTVLNRADALAKDPKMLRSQSQLDLCKDSPYELKKGMSDI,Homo sapiens
190246,9606.ENSP00000295666,9606.ENSP00000295666,False,IBP7_HUMAN,"rgb(117,239,208)",IGFBP7,,9606.ENSP00000295666,Insulin-like growth factor-binding protein 7; Binds IGF-I and IGF-II with a relatively low affinity. Stimulates prostacyclin (PGI2) production. Stimulates cell adhesion.,stringdb:9606.ENSP00000295666,stringdb,protein,IGFBP7,MERPSLRALLLGAAGLLLLLLPLSSSSSSDTCGPCEPASCPPLPPLGCLLGETRDACGCCPMCARGEGEPCGGGGAGRGYCAPGMECVKSRKRRKGKAGAAAGGPGVSGVCVCKSRYPVCGSDGTTYPSGCQLRAASQRAESRGEKAITQVSKGTCEQGPSIVTPPKDIWNVTGAQVYLSCEVIGIPTPVLIWNKVKRGHYGVQRTELLPGDRDNLAIQTRGGPEKHEVTGWVLVSPLSKEDAGEYECHASNSQGQASASAKITVVDALHEIPVKKGEGAEL,Homo sapiens
189991,9606.ENSP00000339801,9606.ENSP00000339801,False,IDS_HUMAN,"rgb(239,226,117)",IDS,,9606.ENSP00000339801,Iduronate 2-sulfatase 14 kDa chain; Lysosomal enzyme involved in the degradation pathway of dermatan sulfate and heparan sulfate.,stringdb:9606.ENSP00000339801,stringdb,protein,IDS,MPPPRTGRGLLWLGLVLSSVCVALGSETQANSTTDALNVLLIIVDDLRPSLGCYGDKLVRSPNIDQLASHSLLFQNAFAQQAVCAPSRVSFLTGRRPDTTRLYDFNSYWRVHAGNFSTIPQYFKENGYVTMSVGKVFHPGISSNHTDDSPYSWSFPPYHPSSEKYENTKTCRGPDGELHANLLCPVDVLDVPEGTLPDKQSTEQAIQLLEKMKTSASPFFLAVGYHKPHIPFRYPKEFQKLYPLENITLAPDPEVPDGLPPVAYNPWMDIRQREDVQALNISVPYGPIPVDFQRKIRQSYFASVSYLDTQVGRLLSALDDLQLANSTIIAFTSDHGWALGEHGEWAKYSNFDVATHVPLIFYVPGRTASLPEAGEKLFPYLDPFDSASQLMEPGRQSMDLVELVSLFPTLAGLAGLQVPPRCPVPSFHVELCREGKNLLKHFRFRDLEEDPYLPGNPRELIAYSQYPRPSDIPQWNSDKPSLKDIKIMGYSIRTIDYRYTVWVGFNPDEFLANFSDIHAGELYFVDSDPLQDHNMYNDSQGGDLFQLLMP,Homo sapiens
190501,9606.ENSP00000318374,9606.ENSP00000318374,False,LENG8_HUMAN,"rgb(117,117,239)",LENG8,,9606.ENSP00000318374,Leukocyte receptor cluster member 8.,stringdb:9606.ENSP00000318374,stringdb,protein,LENG8,MAANVGDQRSTDWSSQYSMVAGAGRENGMETPMHENPEWEKARQALASISKSGAAGGSAKSSSNGPVASAQYVSQAEASALQQQQYYQWYQQYNYAYPYSYYYPMSMYQSYGSPSQYGMAGSYGSATPQQPSAPQHQGTLNQPPVPGMDESMSYQAPPQQLPSAQPPQPSNPPHGAHTLNSGPQPGTAPATQHSQAGPATGQAYGPHTYTEPAKPKKGQQLWNRMKPAPGTGGLKFNIQKRPFAVTTQSFGSNAEGQHSGFGPQPNPEKVQNHSGSSARGNLSGKPDDWPQDMKEYVERCFTACESEEDKDRTEKLLKEVLQARLQDGSAYTIDWSREPLPGLTREPVAESPKKKRWEAASSLHPPRGAGSATRGGGAPSQRGTPGAGGAGRARGNSFTKFGNRNVFMKDNSSSSSTDSRSRSSSRSPTRHFRRSDSHSDSDSSYSGNECHPVGRRNPPPKGRGGRGAHMDRGRGRAQRGKRHDLAPTKRSRKKMAALECEDPERELKKQKRAARFQHGHSRRLRLEPLVLQMSSLESSGADPDWQELQIVGTCPDITKHYLRLTCAPDPSTVRPVAVLKKSLCMVKCHWKEKQDYAFACEQMKSIRQDLTVQGIRTEFTVEVYETHARIALEKGDHEEFNQCQTQLKSLYAENLPGNVGEFTAYRILYYIFTKNSGDITTELAYLTRELKADPCVAHALALRTAWALGNYHRFFRLYCHAPCMSGYLVDKFADRERKVALKAMIKTFRPALPVSYLQAELAFEGEAACRAFLEPLGLAYTGPDNSSIDCRLSLAQLSAF,Homo sapiens
190507,9606.ENSP00000371715,9606.ENSP00000371715,False,ZG16B_HUMAN,"rgb(117,239,222)",ZG16B,,9606.ENSP00000371715,Zymogen granule protein 16B; Belongs to the jacalin lectin family.,stringdb:9606.ENSP00000371715,stringdb,protein,ZG16B,MGAQGAQESIKAMWRVPGTTRRPVTGESPGMHRPEAMLLLLTLALLGGPTWAGKMYGPGGGKYFSTTEDYDHEITGLRVSVGLLLVKSVQVKLGDSWDVKLGALGGNTQEVTLQPGEYITKVFVAFQAFLRGMVMYTSKDRYFYFGKLDGQISSAYPSQEGQVLVGIYGQYQLLGIKSIGFEWNYPLEEPTTEPPVNLTYSANSPVGR,Homo sapiens
190504,9606.ENSP00000481721,9606.ENSP00000481721,False,TBD2A_HUMAN,"rgb(117,143,239)",TBC1D2,,9606.ENSP00000481721,"TBC1 domain family member 2A; Acts as GTPase-activating protein for RAB7A. Signal effector acting as a linker between RAC1 and RAB7A, leading to RAB7A inactivation and subsequent inhibition of cadherin degradation and reduced cell-cell adhesion.",stringdb:9606.ENSP00000481721,stringdb,protein,TBC1D2,MEGAGENAPESSSSAPGSEESARDPQVPPPEEESGDCARSLEAVPKKLCGYLSKFGGKGPIRGWKSRWFFYDERKCQLYYSRTAQDANPLDSIDLSSAVFDCKADAEEGIFEIKTPSRVITLKAATKQAMLYWLQQLQMKRWEFHNSPPAPPATPDAALAGNGPVLHLELGQEEAELEEFLCPVKTPPGLVGVAAALQPFPALQNISLKHLGTEIQNTMHNIRGNKQAQGTGHEPPGEDSPQSGEPQREEQPLASDASTPGREPEDSPKPAPKPSLTISFAQKAKRQNNTFPFFSEGITRNRTAQEKVAALEQQVLMLTKELKSQKELVKILHKALEAAQQEKRASSAYLAAAEDKDRLELVRHKVRQIAELGRRVEALEQERESLAHTASLREQQVQELQQHVQLLMDKNHAKQQVICKLSEKVTQDFTHPPDQSPLRPDAANRDFLSQQGKIEHLKDDMEAYRTQNCFLNSEIHQVTKIWRKVAEKEKALLTKCAYLQARNCQVESKYLAGLRRLQEALGDEASECSELLRQLVQEALQWEAGEASSDSIELSPISKYDEYGFLTVPDYEVEDLKLLAKIQALESRSHHLLGLEAVDRPLRERWAALGDLVPSAELKQLLRAGVPREHRPRVWRWLVHLRVQHLHTPGCYQELLSRGQAREHPAARQIELDLNRTFPNNKHFTCPTSSFPDKLRRVLLAFSWQNPTIGYCQGLNRLAAIALLVLEEEESAFWCLVAIVETIMPADYYCNTLTASQVDQRVLQDLLSEKLPRLMAHLGQHHVDLSLVTFNWFLVVFADSLISNILLRVWDAFLYEGTKVVFRYALAIFKYNEKEILRLQNGLEIYQYLRFFTKTISNSRKLMNIAFNDMNPFRMKQLRQLRMVHRERLEAELRELEQLKAEYLERRASRRRAVSEGCASEDEVEGEA,Homo sapiens
190249,9606.ENSP00000379183,9606.ENSP00000379183,False,PANX2_HUMAN,"rgb(239,219,117)",PANX2,,9606.ENSP00000379183,Pannexin-2; Structural component of the gap junctions and the hemichannels; Belongs to the pannexin family.,stringdb:9606.ENSP00000379183,stringdb,protein,PANX2,MHHLLEQSADMATALLAGEKLRELILPGAQDDKAGALAALLLQLKLELPFDRVVTIGTVLVPILLVTLVFTKNFAEEPIYCYTPHNFTRDQALYARGYCWTELRDALPGVDASLWPSLFEHKFLPYALLAFAAIMYVPALGWEFLASTRLTSELNFLLQEIDNCYHRAAEGRAPKIEKQIQSKGPGITEREKREIIENAEKEKSPEQNLFEKYLERRGRSNFLAKLYLARHVLILLLSAVPISYLCTYYATQKQNEFTCALGASPDGAAGAGPAVRVSCKLPSVQLQRIIAGVDIVLLCVMNLIILVNLIHLFIFRKSNFIFDKLHKVGIKTRRQWRRSQFCDINILAMFCNENRDHIKSLNRLDFITNESDLMYDNVVRQLLAALAQSNHDATPTVRDSGVQTVDPSANPAEPDGAAEPPVVKRPRKKMKWIPTSNPLPQPFKEPLAIMRVENSKAEKPKPARRKTATDTLIAPLLDRSAHHYKGGGGDPGPGPAPAPAPPPAPDKKHARHFSLDVHPYILGTKKAKAEAVPAALPASRSQEGGFLSQAEDCGLGLAPAPIKDAPLPEKEIPYPTEPARAGLPSGGPFHVRSPPAAPAVAPLTPASLGKAEPLTILSRNATHPLLHINTLYEAREEEDGGPRLPQDVGDLIAIPAPQQILIATFDEPRTVVSTVEF,Homo sapiens
190510,9606.ENSP00000268699,9606.ENSP00000268699,False,DRC4_HUMAN,"rgb(201,239,117)",GAS8,,9606.ENSP00000268699,"Dynein regulatory complex subunit 4; Component of the nexin-dynein regulatory complex (N-DRC), a key regulator of ciliary/flagellar motility which maintains the alignment and integrity of the distal axoneme and regulates microtubule sliding in motile axonemes. Plays an important role in the assembly of the N-DRC linker (By similarity). Plays dual roles at both the primary (or non-motile) cilia to regulate hedgehog signaling and in motile cilia to coordinate cilia movement. Required for proper motile cilia functioning. Positively regulates ciliary smoothened (SMO)-dependent Hedgehog (Hh [...] ",stringdb:9606.ENSP00000268699,stringdb,protein,GAS8,MAPKKKGKKGKAKGTPIVDGLAPEDMSKEQVEEHVSRIREELDREREERNYFQLERDKIHTFWEITRRQLEEKKAELRNKDREMEEAEERHQVEIKVYKQKVKHLLYEHQNNLTEMKAEGTVVMKLAQKEHRIQESVLRKDMRALKVELKEQELASEVVVKNLRLKHTEEITRMRNDFERQVREIEAKYDKKMKMLRDELDLRRKTELHEVEERKNGQIHTLMQRHEEAFTDIKNYYNDITLNNLALINSLKEQMEDMRKKEDHLEREMAEVSGQNKRLADPLQKAREEMSEMQKQLANYERDKQILLCTKARLKVREKELKDLQWEHEVLEQRFTKVQQERDELYRKFTAAIQEVQQKTGFKNLVLERKLQALSAAVEKKEVQFNEVLAASNLDPAALTLVSRKLEDVLESKNSTIKDLQYELAQVCKAHNDLLRTYEAKLLAFGIPLDNVGFKPLETAVIGQTLGQGPAGLVGTPT,Homo sapiens
190255,9606.ENSP00000350198,9606.ENSP00000350198,False,SSR2_HUMAN,"rgb(117,150,239)",SSTR2,,9606.ENSP00000350198,Somatostatin receptor type 2; Receptor for somatostatin-14 and -28. This receptor is coupled via pertussis toxin sensitive G proteins to inhibition of adenylyl cyclase. In addition it stimulates phosphotyrosine phosphatase and PLC via pertussis toxin insensitive as well as sensitive G proteins. Inhibits calcium entry by suppressing voltage-dependent calcium channels. Acts as the functionally dominant somatostatin receptor in pancreatic alpha- and beta-cells where it mediates the inhibitory effect of somatostatin-14 on hormone secretion. Inhibits cell growth through enhancement of MAPK1 [...] ,stringdb:9606.ENSP00000350198,stringdb,protein,SSTR2,MDMADEPLNGSHTWLSIPFDLNGSVVSTNTSNQTEPYYDLTSNAVLTFIYFVVCIIGLCGNTLVIYVILRYAKMKTITNIYILNLAIADELFMLGLPFLAMQVALVHWPFGKAICRVVMTVDGINQFTSIFCLTVMSIDRYLAVVHPIKSAKWRRPRTAKMITMAVWGVSLLVILPIMIYAGLRSNQWGRSSCTINWPGESGAWYTGFIIYTFILGFLVPLTIICLCYLFIIIKVKSSGIRVGSSKRKKSEKKVTRMVSIVVAVFIFCWLPFYIFNVSSVSMAISPTPALKGMFDFVVVLTYANSCANPILYAFLSDNFKKSFQNVLCLVKVSGTDDGERSDSKQDKSRLNETTETQRTLLNGDLQTSI,Homo sapiens
190252,9606.ENSP00000293889,9606.ENSP00000293889,False,CCD78_HUMAN,"rgb(239,117,117)",CCDC78,,9606.ENSP00000293889,"Coiled-coil domain-containing protein 78; Component of the deuterosome, a structure that promotes de novo centriole amplification in multiciliated cells that can generate more than 100 centrioles. Deuterosome-mediated centriole amplification occurs in terminally differentiated multiciliated cells (G1/0) and not in S phase. Essential for centriole amplification and is required for CEP152 localization to the deuterosome.",stringdb:9606.ENSP00000293889,stringdb,protein,CCDC78,MEHAATTGPRPGPPSRRVENVVLRAKDWLPGAPGGTAVWATSLEAEVPPDLALNKEQQLQISKELVDIQITTHHLHEQHEAEIFQLKSEILRLESRVLELELRGDGTSQGCAVPVESDPRHPRAAAQELRHKAQVPGHSDDHRFQVQPKNTMNPENEQHRLGSGLQGEVKWALEHQEARQQALVTRVATLGRQLQGAREEARAAGQRLATQAVVLCSCQGQLRQAEAENARLQLQLKKLKDEYVLRLQHCAWQAVEHADGAGQAPATTALRTFLEATLEDIRAAHRSREQQLARAARSYHKRLVDLSRRHEELLVAYRAPGNPQAIFDIASLDLEPLPVPLVTDFSHREDQHGGPGALLSSPKKRPGGASQGGTSEPQGLDAASWAQIHQKLRDFSRSTQSWNGSGHSCWSGPRWLKSNFLSYRSTWTSTWAGTSTKS,Homo sapiens
189997,9606.ENSP00000341442,9606.ENSP00000341442,False,SNTAN_HUMAN,"rgb(239,135,117)",SNTN,,9606.ENSP00000341442,Sentan; May be a component of the linker structure that bridges the ciliary membrane and peripheral singlet microtubules.,stringdb:9606.ENSP00000341442,stringdb,protein,SNTN,MGGCMHSTQDKSLHLEGDPNPSAAPTSTCAPRKMPKRISISKQLASVKALRKCSDLEKAIATTALIFRNSSDSDGKLEKAIAKDLLQTQFRNFAEGQETKPKYREILSELDEHTENKLDFEDFMILLLSITVMSDLLQNIRNVKIMK,Homo sapiens
190258,9606.ENSP00000358999,9606.ENSP00000358999,False,TM187_HUMAN,"rgb(239,215,117)",TMEM187,,9606.ENSP00000358999,Transmembrane protein 187.,stringdb:9606.ENSP00000358999,stringdb,protein,TMEM187,MNPEWGQAFVHVAVAGGLCAVAVFTGIFDSVSVQVGYEHYAEAPVAGLPAFLAMPFNSLVNMAYTLLGLSWLHRGGAMGLGPRYLKDVFAAMALLYGPVQWLRLWTQWRRAAVLDQWLTLPIFAWPVAWCLYLDRGWRPWLFLSLECVSLASYGLALLHPQGFEVALGAHVVAAVGQALRTHRHYGSTTSATYLALGVLSCLGFVVLKLCDHQLARWRLFQCLTGHFWSKVCDVLQFHFAFLFLTHFNTHPRFHPSGGKTR,Homo sapiens
190000,9606.ENSP00000445786,9606.ENSP00000445786,False,F216B_HUMAN,"rgb(117,239,138)",FAM216B,,9606.ENSP00000445786,Protein FAM216B; Family with sequence similarity 216 member B; Belongs to the FAM216 family.,stringdb:9606.ENSP00000445786,stringdb,protein,FAM216B,MGQNWKRQQKLWNVPQLPFIRVPPSIYDTSLLKALNQGQQRYFYSIMRIYNSRPQWEALQTRYIHSLQHQQLLGYITQREALSYALVLRDSTKRASAKVAPQRTIPRKTSAMTRRCPSVLPVSVVLPRAQSKRRQVLRN,Homo sapiens
189745,9606.ENSP00000426809,9606.ENSP00000426809,False,PROM1_HUMAN,"rgb(239,161,117)",PROM1,,9606.ENSP00000426809,"Prominin-1; May play a role in cell differentiation, proliferation and apoptosis. Binds cholesterol in cholesterol- containing plasma membrane microdomains and may play a role in the organization of the apical plasma membrane in epithelial cells. During early retinal development acts as a key regulator of disk morphogenesis. Involved in regulation of MAPK and Akt signaling pathways. In neuroblastoma cells suppresses cell differentiation such as neurite outgrowth in a RET-dependent manner.",stringdb:9606.ENSP00000426809,stringdb,protein,PROM1,MALVLGSLLLLGLCGNSFSGGQPSSTDAPKAWNYELPATNYETQDSHKAGPIGILFELVHIFLYVVQPRDFPEDTLRKFLQKAYESKIDYDKPETVILGLKIVYYEAGIILCCVLGLLFIILMPLVGYFFCMCRCCNKCGGEMHQRQKENGPFLRKCFAISLLVICIIISIGIFYGFVANHQVRTRIKRSRKLADSNFKDLRTLLNETPEQIKYILAQYNTTKDKAFTDLNSINSVLGGGILDRLRPNIIPVLDEIKSMATAIKETKEALENMNSTLKSLHQQSTQLSSSLTSVKTSLRSSLNDPLCLVHPSSETCNSIRLSLSQLNSNPELRQLPPVDAELDNVNNVLRTDLDGLVQQGYQSLNDIPDRVQRQTTTVVAGIKRVLNSIGSDIDNVTQRLPIQDILSAFSVYVNNTESYIHRNLPTLEEYDSYWWLGGLVICSLLTLIVIFYYLGLLCGVCGYDRHATPTTRGCVSNTGGVFLMVGVGLSFLFCWILMIIVVLTFVFGANVEKLICEPYTSKELFRVLDTPYLLNEDWEYYLSGKLFNKSKMKLTFEQVYSDCKKNRGTYGTLHLQNSFNISEHLNINEHTGSISSELESLKVNLNIFLLGAAGRKNLQDFAACGIDRMNYDSYLAQTGKSPAGVNLLSFAYDLEAKANSLPPGNLRNSLKRDAQTIKTIHQQRVLPIEQSLSTLYQSVKILQRTGNGLLERVTRILASLDFAQNFITNNTSSVIIEETKKYGRTIIGYFEHYLQWIEFSISEKVASCKPVATALDTAVDVFLCSYIIDPLNLFWFGIGKATVFLLPALIFAVKLAKYYRRMDSEDVYDDVETIPMKNMENGNNGYHKDHVYGIHNPVMTSPSQH,Homo sapiens
190513,9606.ENSP00000263207,9606.ENSP00000263207,False,ARVC_HUMAN,"rgb(172,239,117)",ARVCF,,9606.ENSP00000263207,Armadillo repeat protein deleted in velo-cardio-facial syndrome; Involved in protein-protein interactions at adherens junctions; Belongs to the beta-catenin family.,stringdb:9606.ENSP00000263207,stringdb,protein,ARVCF,MEDCNVHSAASILASVKEQEARFERLTRALEQERRHVALQLERAQQPGMVSGGMGSGQPLPMAWQQLVLQEQSPGSQASLATMPEAPDVLEETVTVEEDPGTPTSHVSIVTSEDGTTRRTETKVTKTVKTVTTRTVRQVPVGPDGLPLLDGGPPLGPFADGALDRHFLLRGGGPVATLSRAYLSSGGGFPEGPEPRDSPSYGSLSRGLGMRPPRAGPLGPGPGDGCFTLPGHREAFPVGPEPGPPGGRSLPERFQAEPYGLEDDTRSLAADDEGGPELEPDYGTATRRRPECGRGLHTRAYEDTADDGGELADERPAFPMVTAPLAQPERGSMGSLDRLVRRSPSVDSARKEPRWRDPELPEVLAMLRHPVDPVKANAAAYLQHLCFENEGVKRRVRQLRGLPLLVALLDHPRAEVRRRACGALRNLSYGRDTDNKAAIRDCGGVPALVRLLRAARDNEVRELVTGTLWNLSSYEPLKMVIIDHGLQTLTHEVIVPHSGWEREPNEDSKPRDAEWTTVFKNTSGCLRNVSSDGAEARRRLRECEGLVDALLHALQSAVGRKDTDNKSVENCVCIMRNLSYHVHKEVPGADRYQEAEPGPLGSAVGSQRRRRDDASCFGGKKAKEEWFHQGKKDGEMDRNFDTLDLPKRTEAAKGFELLYQPEVVRLYLSLLTESRNFNTLEAAAGALQNLSAGNWMWATYIRATVRKERGLPVLVELLQSETDKVVRAVAIALRNLSLDRRNKDLIGSYAMAELVRNVRNAQAPPRPGACLEEDTVVAVLNTIHEIVSDSLDNARSLLQARGVPALVALVASSQSVREAKAASHVLQTVWSYKELRGTLQKDGWTKARFQSAAATAKGPKGALSPGGFDDSTLPLVDKSLEGEKTGSRDVIPMDALGPDGYSTVDRRERRPRGASSAGEASEKEPLKLDPSRKAPPPGPSRPAVRLVDAVGDAKPQPVDSWV,Homo sapiens
189751,9606.ENSP00000263321,9606.ENSP00000263321,False,TYRO_HUMAN,"rgb(239,179,117)",TYR,,9606.ENSP00000263321,"Tyrosinase; This is a copper-containing oxidase that functions in the formation of pigments such as melanins and other polyphenolic compounds. Catalyzes the initial and rate limiting step in the cascade of reactions leading to melanin production from tyrosine. In addition to hydroxylating tyrosine to DOPA (3,4-dihydroxyphenylalanine), also catalyzes the oxidation of DOPA to DOPA-quinone, and possibly the oxidation of DHI (5,6-dihydroxyindole) to indole-5,6 quinone. Belongs to the tyrosinase family.",stringdb:9606.ENSP00000263321,stringdb,protein,TYR,MLLAVLYCLLWSFQTSAGHFPRACVSSKNLMEKECCPPWSGDRSPCGQLSGRGSCQNILLSNAPLGPQFPFTGVDDRESWPSVFYNRTCQCSGNFMGFNCGNCKFGFWGPNCTERRLLVRRNIFDLSAPEKDKFFAYLTLAKHTISSDYVIPIGTYGQMKNGSTPMFNDINIYDLFVWMHYYVSMDALLGGSEIWRDIDFAHEAPAFLPWHRLFLLRWEQEIQKLTGDENFTIPYWDWRDAEKCDICTDEYMGGQHPTNPNLLSPASFFSSWQIVCSRLEEYNSHQSLCNGTPEGPLRRNPGNHDKSRTPRLPSSADVEFCLSLTQYESGSMDKAANFSFRNTLEGFASPLTGIADASQSSMHNALHIYMNGTMSQVQGSANDPIFLLHHAFVDSIFEQWLRRHRPLQEVYPEANAPIGHNRESYMVPFIPLYRNGDFFISSKDLGYDYSYLQDSDPDSFQDYIKSYLEQASRIWSWLLGAAMVGAVLTALLAGLVSLLCRHKRKQLPEEKQPLLMEKEDYHSLYQSHL,Homo sapiens
190519,9606.ENSP00000453170,9606.ENSP00000453170,False,RGPD1_HUMAN,"rgb(179,239,117)",RGPD1,,9606.ENSP00000453170,RANBP2 like and GRIP domain containing 1.,stringdb:9606.ENSP00000453170,stringdb,protein,RGPD1,MNVMGFNTDRLAWTRNKLRGFYFAKLYYEAKEYDLAKKYVCTYLSVQERDPRAHRFLGLLYELEENTEKAVECYRRSLELNPPQKDLVLKIAELLCKNDVTDGRAKYWVERAAKLFPGSPAIYKLKEHLLDCEGEDGWNKLFDWIQSELYVRPDDVHMNIRLVELYRSNKRLKDAVARCHEAERNIALRSSLEWNSCVVQTLKEYLESLQCLESDKSDWRATNTDLLLAYANLMLLTLSTRDVQESRELLESFDSALQSAKSSLGGNDELSATFLEMKGHFYMHAGSLLLKMGQHGNNVQWQALSELAALCYVIAFQVPRPKIKLIKGEAGQNLLEMMACDRLSQSGHMLLNLSRGKQDFLKEVVETFANKSGQSVLYNALFSSQSSKDTSFLGSDDIGNIDVQEPELEDLARYDVGAIQAHNGSLQHLTWLGLQWNSLPALPGIRKWLKQLFHHLPQETSRLETNAPESICILDLEVFLLGVVYTSHLQLKEKCNSHHSSYQPLCLPLPVCKRLCTERQKSWWDAVCTLIHRKAVPGNSAELRLVVQHEINTLRAQEKHGLQPALLVHWAKCLQKMGRGLNSSYDQQEYIGRSVHYWKKVLPLLKIIKKNSIPEPIDPLFKHFHSVDIQASEIVEYEEDAHITFAILDAVHGNIEDAVTAFESIKSVVSYWNLALIFHRKAEDIENDAVFPEEQEECKNYLRKTRDYLIKIIDDSDSNLSVVKKLPVPLESVKEMLKSVMQELEDYSEGGPLYKNGSLRNADSEIKHSTPSPTKYSLSPSKSYKYSPKTPPRWAEDQNSLRKMICQEVKAITKLNSSKSASRHRWPTENYGPDSVPDGYQGSQTFHGAPLTVATTGPSVYYSQSPAYNSQYLLRPAANVTPTKGSSNTEFKSTKEGFSIAVSADGFKFGISEPGNQEKKSEKPLENDTGFQAQDISGQKNGRGVIFGQTSSTFTFADVAKSTSGEGFQFGKKDPNFKGFSGAGEKLFSSQCGKMANKANTSGDFEKDDDACKTEDSDDIHFEPVVQMPEKVELVTGEEGEKVLYSQGVKLFRFDAEISQWKERGLGNLKILKNEVNGKPRMLMRRDQVLKVCANHWITTTMNLKPLSGSDRAWMWLASDFSDGDAKLERLAAQFKTPELAEEFKQKFEECQRLLLDIPLQTPHKLVDTGRAAKLIQRAEEMKSGLKDFKTFLTNDQTKVTEEENKGSGTGAAGASDTTIKPNPENTGPTLEWDNYDLREDALDDNVSSSSVHDSPLASSPVRKNIFRFDESTTGFNFSFKSALSLSKSPAKLNQSGTSVGTDEESDVTQEEERDGQYFEPVVPLPDLVEVSSGEENEQVVFSHRAELYRYDKDVGQWKERGIGDIKILQNYDNKQVRIVMRRDQVLKLCANHRITPDMSLQNMKGTERVWVWTACDFADGERKVEHLAVRFKLQDVADSFKKIFDEAKTAQEKDSLITPHVSRSSTPRESPCGKIAVAVLEETTRERTDVIQGDDVADAASEVEVSSTSETTTKAVVSPPKFVFGSESVKRIFSSEKSNPFAFGNSSATGSLFGFSFNAPLKSNDSETSSVAQSGSESKVEPKKCELSKNSDIEQSSDSKVKNLSASFPMEESSINYTFKTPEKEPPLWHAEFTKEELVQKLSSTTKSADQLNGLLRETEATSAVLMEQIKLLKSEIRRLERNQEESAANVEHLKNVLLQFIFLKPGSERESLLPVINTMLQLSPEEKGKLAAVAQGLQETSIPKKK,Homo sapiens
190516,9606.ENSP00000412388,9606.ENSP00000412388,False,AJM1_HUMAN,"rgb(117,231,239)",AJM1,,9606.ENSP00000412388,Apical junction component 1 homolog; May be involved in the control of adherens junction integrity.,stringdb:9606.ENSP00000412388,stringdb,protein,AJM1,MTRTDPPDLLVSTVYQDIKVATPGPASKCSPCERSVARPAEPAPFNKRHCRSFDFLEALDGPAMETLPEPPPPESAVPRARTREAEPRRRARSKSAPRAPPGLTPAPASPPVLPRRGREAQRAARAEASPRREPAYPALRALANELHPIKLQPQRGGPGRVAPLCAAAGRCAPPEPPAGPAPHVRCRLDIKPDDAVLQHATRGSRSCGPTEAAHWARPAPQFHGLTVPGPRHMALSRTPTPSDSYCADPRAFYCDGPLPGPRDYAERRSLPFTTPPGPTQFFYTEEPQGFRGSFAASPGPTFDAYYPRPYPSEELSGPSPRRMGGYYAGEVRTFPIQEPPSRSYYGEAPRAYGLPYGPRYVPEEPRAHSTARPFYTEDFGRYRERDVLARTYPHPRSSPAWADWGPRPYRTLQVVPPSDPDPLLASWHGGTGTSPPRLATDSRHYSRSWDNILAPGPRREDPLGRGRSYENLLGREVREPRGVSPEGRRPPVVVNLSTSPRRYAALSLSETSLTEKGRAGEGLGRNWYVTPEITITDNDLRATERPSARAWELPGGRTRPPPHAAPDGPTSGRQRSLEQLDELITDLVIDSRPTAGQASEPAADCLGPQLRRLLDSRPAGSGAPALAPPRSPPASAGSAEEPAAPGEAADASPEPSADEDDLMTCSNARCRRTETMFNACLYFKSCHSCYTYYCSRLCRREDWDAHKARCVYGRVGSVCRHVLQFCRDSGPVHRAFSRIARVGFLSRGRGVLFLGFPSPGSADNFLRFGLEGLLLSPTYLSLRELATHAAPLGSYARELAAAGRLYEPAECFLLSVSVAVGPGTAPPGTPALPAPAPRSHGPTVRKFAKVALAAGSPARPPPARSREPDMETLILTPPPGTAGLDQDGEAGRRAREVAFIHIQRELRLRGVFLRHEFPRVYEQLCEFVEANRRFTPTTIYPTDRRTGRPFMCMIMAASEPRALDWVASANLLDDIM,Homo sapiens
190261,9606.ENSP00000166244,9606.ENSP00000166244,False,EPHA8_HUMAN,"rgb(239,124,117)",EPHA8,,9606.ENSP00000166244,"Ephrin type-A receptor 8; Receptor tyrosine kinase which binds promiscuously GPI- anchored ephrin-A family ligands residing on adjacent cells, leading to contact-dependent bidirectional signaling into neighboring cells. The signaling pathway downstream of the receptor is referred to as forward signaling while the signaling pathway downstream of the ephrin ligand is referred to as reverse signaling. The GPI-anchored ephrin-A EFNA2, EFNA3, and EFNA5 are able to activate EPHA8 through phosphorylation. With EFNA5 may regulate integrin-mediated cell adhesion and migration on fibronectin sub [...] ",stringdb:9606.ENSP00000166244,stringdb,protein,EPHA8,MAPARGRLPPALWVVTAAAAAATCVSAARGEVNLLDTSTIHGDWGWLTYPAHGWDSINEVDESFQPIHTYQVCNVMSPNQNNWLRTSWVPRDGARRVYAEIKFTLRDCNSMPGVLGTCKETFNLYYLESDRDLGASTQESQFLKIDTIAADESFTGADLGVRRLKLNTEVRSVGPLSKRGFYLAFQDIGACLAILSLRIYYKKCPAMVRNLAAFSEAVTGADSSSLVEVRGQCVRHSEERDTPKMYCSAEGEWLVPIGKCVCSAGYEERRDACVACELGFYKSAPGDQLCARCPPHSHSAAPAAQACHCDLSYYRAALDPPSSACTRPPSAPVNLISSVNGTSVTLEWAPPLDPGGRSDITYNAVCRRCPWALSRCEACGSGTRFVPQQTSLVQASLLVANLLAHMNYSFWIEAVNGVSDLSPEPRRAAVVNITTNQAAPSQVVVIRQERAGQTSVSLLWQEPEQPNGIILEYEIKYYEKDKEMQSYSTLKAVTTRATVSGLKPGTRYVFQVRARTSAGCGRFSQAMEVETGKPRPRYDTRTIVWICLTLITGLVVLLLLLICKKRHCGYSKAFQDSDEEKMHYQNGQAPPPVFLPLHHPPGKLPEPQFYAEPHTYEEPGRAGRSFTREIEASRIHIEKIIGSGDSGEVCYGRLRVPGQRDVPVAIKALKAGYTERQRRDFLSEASIMGQFDHPNIIRLEGVVTRGRLAMIVTEYMENGSLDTFLRTHDGQFTIMQLVGMLRGVGAGMRYLSDLGYVHRDLAARNVLVDSNLVCKVSDFGLSRVLEDDPDAAYTTTGGKIPIRWTAPEAIAFRTFSSASDVWSFGVVMWEVLAYGERPYWNMTNRDVISSVEEGYRLPAPMGCPHALHQLMLDCWHKDRAQRPRFSQIVSVLDALIRSPESLRATATVSRCPPPAFVRSCFDLRGGSGGGGGLTVGDWLDSIRMGRYRDHFAAGGYSSLGMVLRMNAQDVRALGITLMGHQKKILGSIQTMRAQLTSTQGPRRHL,Homo sapiens
190522,9606.ENSP00000360154,9606.ENSP00000360154,False,OCRL_HUMAN,"rgb(117,239,164)",OCRL,,9606.ENSP00000360154,"Inositol polyphosphate 5-phosphatase OCRL; Catalyzes the hydrolysis of the 4-position phosphate of phosphatidylinositol 4,5-bisphosphate (PtdIns(4,5)P2) and phosphatidylinositol-3,4,5-bisphosphate (PtdIns(3,4,5)P3), with the greatest catalytic activity towards PtdIns(4,5)P2. Able also to hydrolyzes the 4-phosphate of inositol 1,4,5-trisphosphate and of inositol 1,3,4,5-tetrakisphosphate. Regulates traffic in the endosomal pathway by regulating the specific pool of phosphatidylinositol 4,5-bisphosphate that is associated with endosomes. Involved in primary cilia assembly. Acts as a regu [...] ",stringdb:9606.ENSP00000360154,stringdb,protein,OCRL,MEPPLPVGAQPLATVEGMEMKGPLREPCALTLAQRNGQYELIIQLHEKEQHVQDIIPINSHFRCVQEAEETLLIDIASNSGCKIRVQGDWIRERRFEIPDEEHCLKFLSAVLAAQKAQSQLLVPEQKDSSSWYQKLDTKDKPSVFSGLLGFEDNFSSMNLDKKINSQNQPTGIHREPPPPPFSVNKMLPREKEASNKEQPKVTNTMRKLFVPNTQSGQREGLIKHILAKREKEYVNIQTFRFFVGTWNVNGQSPDSGLEPWLNCDPNPPDIYCIGFQELDLSTEAFFYFESVKEQEWSMAVERGLHSKAKYKKVQLVRLVGMMLLIFARKDQCRYIRDIATETVGTGIMGKMGNKGGVAVRFVFHNTTFCIVNSHLAAHVEDFERRNQDYKDICARMSFVVPNQTLPQLNIMKHEVVIWLGDLNYRLCMPDANEVKSLINKKDLQRLLKFDQLNIQRTQKKAFVDFNEGEIKFIPTYKYDSKTDRWDSSGKCRVPAWCDRILWRGTNVNQLNYRSHMELKTSDHKPVSALFHIGVKVVDERRYRKVFEDSVRIMDRMENDFLPSLELSRREFVFENVKFRQLQKEKFQISNNGQVPCHFSFIPKLNDSQYCKPWLRAEPFEGYLEPNETVDISLDVYVSKDSVTILNSGEDKIEDILVLHLDRGKDYFLTISGNYLPSCFGTSLEALCRMKRPIREVPVTKLIDLEEDSFLEKEKSLLQMVPLDEGASERPLQVPKEIWLLVDHLFKYACHQEDLFQTPGMQEELQQIIDCLDTSIPETIPGSNHSVAEALLIFLEALPEPVICYELYQRCLDSAYDPRICRQVISQLPRCHRNVFRYLMAFLRELLKFSEYNSVNANMIATLFTSLLLRPPPNLMARQTPSDRQRAIQFLLGFLLGSEED,Homo sapiens
190267,9606.ENSP00000492276,9606.ENSP00000492276,False,CSAG2_HUMAN,"rgb(117,190,239)",CSAG3,,9606.ENSP00000492276,"Chondrosarcoma-associated gene 2/3 protein; Drug-resistance related protein, its expression is associated with the chemotherapy resistant and neoplastic phenotype. May also be linked to the malignant phenotype.",stringdb:9606.ENSP00000492276,stringdb,protein,CSAG3,MWMGLIQLVEGVKRKDQGFLEKEFYHKTNIKMRCEFLACWPAFTVLGEAWRDQVDWSRLLRDAGLVKMSRKPRASSPLSNNHPPTPKRFPRQPGREKGPIKEVPGTKGSP,Homo sapiens
190264,9606.ENSP00000218230,9606.ENSP00000218230,False,PCS1N_HUMAN,"rgb(117,239,197)",PCSK1N,,9606.ENSP00000218230,"Big PEN-LEN; May function in the control of the neuroendocrine secretory pathway. Proposed be a specific endogenous inhibitor of PCSK1. ProSAAS and Big PEN-LEN, both containing the C-terminal inhibitory domain, but not the further processed peptides reduce PCSK1 activity in the endoplasmic reticulum and Golgi. It reduces the activity of the 84 kDa form but not the autocatalytically derived 66 kDa form of PCSK1. Subsequent processing of proSAAS may eliminate the inhibition. Slows down convertase-mediated processing of proopiomelanocortin and proenkephalin. May control the intracellular  [...] ",stringdb:9606.ENSP00000218230,stringdb,protein,PCSK1N,MAGSPLLWGPRAGGVGLLVLLLLGLFRPPPALCARPVKEPRGLSAASPPLAETGAPRRFRRSVPRGEAAGAVQELARALAHLLEAERQERARAEAQEAEDQQARVLAQLLRVWGAPRNSDPALGLDDDPDAPAAQLARALLRARLDPAALAAQLVPAPVPAAALRPRPPVYDDGPAGPDAEEAGDETPDVDPELLRYLLGRILAGSADSEGVAAPRRLRRAADHDVGSELPPEGVLGALLRVKRLETPAPQVPARRLLPP,Homo sapiens
190009,9606.ENSP00000485527,9606.ENSP00000485527,False,H7C2H4_HUMAN,"rgb(117,239,175)",CBSL,,9606.ENSP00000485527,Cystathionine beta-synthase like.,stringdb:9606.ENSP00000485527,stringdb,protein,ENSG00000274276,MPSETPQAEVGPTGCPHRSGPHSAKGSLEKGSPEDKEAKEPLWIRPDAPSRCTWQLGRPASESPHHHTAPAKSPKILPDILKKIGDTPMVRINKIGKKFGLKCELLAKCEFFNAGGSVKDRISLRMIEDAERDGTLKPGDTIIEPTSGNTGIGLALAAAVRGYRCIIVMPEKMSSEKVDVLRALGAEIVRTPTNARFDSPESHVGVAWRLKNEIPNSHILDQYRNASNPLAHYDTTADEILQQCDGKLDMLVASVGTGGTITGIARKLKEKCPGCRIIGVDPEGSILAEPEELNQTEQTTYEVEGIGYDFIPTVLDRTVVDKWFKSNDEEAFTFARMLIAQEGLLCGGSAGSTVAVAVKAAQELQEGQRCVVILPDSVRNYMTKFLSDRWMLQKGFLKEEDLTEKKPWWWHLRVQELGLSAPLTVLPTITCGHTIEILREKGFDQAPVVDEAGVILGMVTLGNMLSSLLAGKVQPSDQVGKVIYKQFKQIRLTDTLGRLSHILEMDHFALVVHEQIQSQDQAWAGVVGGPADHSTGKSSQRQMVFGVVTAIDLLNFVAAQERDQK,Homo sapiens
190270,9606.ENSP00000381657,9606.ENSP00000381657,False,DOT1L_HUMAN,"rgb(197,239,117)",DOT1L,,9606.ENSP00000381657,"Histone-lysine N-methyltransferase, H3 lysine-79 specific; Histone methyltransferase. Methylates 'Lys-79' of histone H3. Nucleosomes are preferred as substrate compared to free histones. Binds to DNA.",stringdb:9606.ENSP00000381657,stringdb,protein,DOT1L,MGEKLELRLKSPVGAEPAVYPWPLPVYDKHHDAAHEIIETIRWVCEEIPDLKLAMENYVLIDYDTKSFESMQRLCDKYNRAIDSIHQLWKGTTQPMKLNTRPSTGLLRHILQQVYNHSVTDPEKLNNYEPFSPEVYGETSFDLVAQMIDEIKMTDDDLFVDLGSGVGQVVLQVAAATNCKHHYGVEKADIPAKYAETMDREFRKWMKWYGKKHAEYTLERGDFLSEEWRERIANTSVIFVNNFAFGPEVDHQLKERFANMKEGGRIVSSKPFAPLNFRINSRNLSDIGTIMRVVELSPLKGSVSWTGKPVSYYLHTIDRTILENYFSSLKNPKLREEQEAARRRQQRESKSNAATPTKGPEGKVAGPADAPMDSGAEEEKAGAATVKKPSPSKARKKKLNKKGRKMAGRKRGRPKKMNTANPERKPKKNQTALDALHAQTVSQTAASSPQDAYRSPHSPFYQLPPSVQRHSPNPLLVAPTPPALQKLLESFKIQYLQFLAYTKTPQYKASLQELLGQEKEKNAQLLGAAQQLLSHCQAQKEEIRRLFQQKLDELGVKALTYNDLIQAQKEISAHNQQLREQSEQLEQDNRALRGQSLQLLKARCEELQLDWATLSLEKLLKEKQALKSQISEKQRHCLELQISIVELEKSQRQQELLQLKSCVPPDDALSLHLRGKGALGRELEPDASRLHLELDCTKFSLPHLSSMSPELSMNGQAAGYELCGVLSRPSSKQNTPQYLASPLDQEVVPCTPSHVGRPRLEKLSGLAAPDYTRLSPAKIVLRRHLSQDHTVPGRPAASELHSRAEHTKENGLPYQSPSVPGSMKLSPQDPRPLSPGALQLAGEKSSEKGLRERAYGSSGELITSLPISIPLSTVQPNKLPVSIPLASVVLPSRAERARSTPSPVLQPRDPSSTLEKQIGANAHGAGSRSLALAPAGFSYAGSVAISGALAGSPASLTPGAEPATLDESSSSGSLFATVGSRSSTPQHPLLLAQPRNSLPASPAHQLSSSPRLGGAAQGPLPEASKGDLPSDSGFSDPESEAKRRIVFTITTGAGSAKQSPSSKHSPLTASARGDCVPSHGQDSRRRGRRKRASAGTPSLSAGVSPKRRALPSVAGLFTQPSGSPLNLNSMVSNINQPLEITAISSPETSLKSSPVPYQDHDQPPVLKKERPLSQTNGAHYSPLTSDEEPGSEDEPSSARIERKIATISLESKSPPKTLENGGGLAGRKPAPAGEPVNSSKWKSTFSPISDIGLAKSADSPLQASSALSQNSLFTFRPALEEPSADAKLAAHPRKGFPGSLSGADGLSPGTNPANGCTFGGGLAADLSLHSFSDGASLPHKGPEAAGLSSPLSFPSQRGKEGSDANPFLSKRQLDGLAGLKGEGSRGKEAGEGGLPLCGPTDKTPLLSGKAAKARDREVDLKNGHNLFISAAAVPPGSLLSGPGLAPAASSAGGAASSAQTHRSFLGPFPPGPQFALGPMSLQANLGSVAGSSVLQSLFSSVPAAAGLVHVSSAATRLTNSHAMGSFSGVAGGTVGGN,Homo sapiens
189757,9606.ENSP00000354610,9606.ENSP00000354610,False,AMY2B_HUMAN,"rgb(117,239,120)",AMY2B,,9606.ENSP00000354610,Amylase alpha 2B; Belongs to the glycosyl hydrolase 13 family.,stringdb:9606.ENSP00000354610,stringdb,protein,AMY2B,MKFFLLLFTIGFCWAQYSPNTQQGRTSIVHLFEWRWVDIALECERYLAPKGFGGVQVSPPNENVAIHNPFRPWWERYQPVSYKLCTRSGNEDEFRNMVTRCNNVGVRIYVDAVINHMSGNAVSAGTSSTCGSYFNPGSRDFPAVPYSGWDFNDGKCKTGSGDIENYNDATQVRDCRLVGLLDLALEKDYVRSKIAEYMNHLIDIGVAGFRLDASKHMWPGDIKAILDKLHNLNSNWFPAGSKPFIYQEVIDLGGEPIKSSDYFGNGRVTEFKYGAKLGTVIRKWNGEKMSYLKNWGEGWGFMPSDRALVFVDNHDNQRGHGAGGASILTFWDARLYKMAVGFMLAHPYGFTRVMSSYRWPRQFQNGNDVNDWVGPPNNNGVIKEVTINPDTTCGNDWVCEHRWRQIRNMVNFRNVVDGQPFTNWYDNGSNQVAFGRGNRGFIVFNNDDWTFSLTLQTGLPAGTYCDVISGDKINGNCTGIKIYVSDDGKAHFSISNSAEDPFIAIHAESKL,Homo sapiens
190525,9606.ENSP00000379173,9606.ENSP00000379173,False,TRABD_HUMAN,"rgb(117,128,239)",TRABD,,9606.ENSP00000379173,TraB domain-containing protein; TraB domain containing.,stringdb:9606.ENSP00000379173,stringdb,protein,TRABD,MDGEEQQPPHEANVEPVVPSEASEPVPRVLSGDPQNLSDVDAFNLLLEMKLKRRRQRPNLPRTVTQLVAEDGSRVYVVGTAHFSDDSKRDVVKTIREVQPDVVVVELCQYRVSMLKMDESTLLREAQELSLEKLQQAVRQNGLMSGLMQMLLLKVSAHITEQLGMAPGGEFREAFKEASKVPFCKFHLGDRPIPVTFKRAIAALSFWQKVRLAWGLCFLSDPISKDDVERCKQKDLLEQMMAEMIGEFPDLHRTIVSERDVYLTYMLRQAARRLELPRASDAEPRKCVPSVVVGVVGMGHVPGIEKNWSTDLNIQEIMTVPPPSVSGRVSRLAVKAAFFGLLGYSLYWMGRRTASLVLSLPAAQYCLQRVTEARHKEKN,Homo sapiens
189763,9606.ENSP00000264039,9606.ENSP00000264039,False,GPC1_HUMAN,"rgb(168,239,117)",GPC1,,9606.ENSP00000264039,"Secreted glypican-1; Cell surface proteoglycan that bears heparan sulfate. Binds, via the heparan sulfate side chains, alpha-4 (V) collagen and participates in Schwann cell myelination (By similarity). May act as a catalyst in increasing the rate of conversion of prion protein PRPN(C) to PRNP(Sc) via associating (via the heparan sulfate side chains) with both forms of PRPN, targeting them to lipid rafts and facilitating their interaction. Required for proper skeletal muscle differentiation by sequestering FGF2 in lipid rafts preventing its binding to receptors (FGFRs) and inhibiting th [...] ",stringdb:9606.ENSP00000264039,stringdb,protein,GPC1,MELRARGWWLLCAAAALVACARGDPASKSRSCGEVRQIYGAKGFSLSDVPQAEISGEHLRICPQGYTCCTSEMEENLANRSHAELETALRDSSRVLQAMLATQLRSFDDHFQHLLNDSERTLQATFPGAFGELYTQNARAFRDLYSELRLYYRGANLHLEETLAEFWARLLERLFKQLHPQLLLPDDYLDCLGKQAEALRPFGEAPRELRLRATRAFVAARSFVQGLGVASDVVRKVAQVPLGPECSRAVMKLVYCAHCLGVPGARPCPDYCRNVLKGCLANQADLDAEWRNLLDSMVLITDKFWGTSGVESVIGSVHTWLAEAINALQDNRDTLTAKVIQGCGNPKVNPQGPGPEEKRRRGKLAPRERPPSGTLEKLVSEAKAQLRDVQDFWISLPGTLCSEKMALSTASDDRCWNGMARGRYLPEVMGDGLANQINNPEVEVDITKPDMTIRQQIMQLKIMTNRLRSAYNGNDVDFQDASDDGSGSGSGDGCLDDLCSRKVSRKSSSSRTPLTHALPGLSEQEGQKTSAASCPQPPTFLLPLLLFLALTVARPRWR,Homo sapiens
190531,9606.ENSP00000480489,9606.ENSP00000480489,False,PDZD7_HUMAN,"rgb(117,239,215)",PDZD7,,9606.ENSP00000480489,"PDZ domain-containing protein 7; In cochlear developing hair cells, essential in organizing the USH2 complex at stereocilia ankle links. Blocks inhibition of adenylate cyclase activity mediated by ADGRV1.",stringdb:9606.ENSP00000480489,stringdb,protein,PDZD7,MAQGFAVGFDPLGLGDLSSGSLSSLSSRGHLGSDSGSTATRYLLRKQQRLLNGPPRGIRASSPMGRVILINSPIEANSDESDIIHSVRVEKSPAGRLGFSVRGGSEHGLGIFVSKVEEGSSAERAGLCVGDKITEVNGLSLESTTMGSAVKVLTSSSRLHMMVRRMGRVPGIKFSKEKTTWVDVVNRRLVVEKCGSTPSDTSSEDGVRRIVHLYTTSDDFCLGFNIRGGKEFGLGIYVSKVDHGGLAEENGIKVGDQVLAANGVRFDDISHSQAVEVLKGQTHIMLTIKETGRYPAYKEMVSEYCWLDRLSNGVLQQLSPASESSSSVSSCASSAPYSSGSLPSDRMDICLGQEEPGSRGPGWGRADTAMQTEPDAGGRVETWCSVRPTVILRDTAIRSDGPHPGRRLDSALSESPKTALLLALSRPRPPITRSQSYLTLWEEKQQRKKEKSGSPGEKGALQRSKTLMNLFFKGGRQGRLARDGRREAWTLDSGSLAKTYPRLDIEKAGGVGPVQKFVTWRLRRDQERGRALLSARSGSPSSQLPNVDEQVQAWESRRPLIQDLAQRLLTDDEVLAVTRHCSRYVHEGGIEDLVRPLLAILDRPEKLLLLQDIRSVVAPTDLGRFDSMVMLVELEAFEALKSRAVRPPALRPARQDTPPKRHLITPVPDSRGGFYLLPVNGFPEEEDNGELRERLGALKVSPSASAPRHPHKGIPPLQDVPVDAFTPLRIACTPPPQLPPVAPRPLRPNWLLTEPLSREHPPQSQIRGRAQSRSRSRSRSRSRSSRGQGKSPGRRSPSPVPTPAPSMTNGRYHKPRKARPPLPRPLDGEAAKVGAKQGPSESGTEGTAKEAAMKNPSGELKTVTLSKMKQSLGISISGGIESKVQPMVKIEKIFPGGAAFLSGALQAGFELVAVDGENLEQVTHQRAVDTIRRAYRNKAREPMELVVRVPGPSPRPSPSDSSALTDGGLPADHLPAHQPLDAAPVPAHWLPEPPTNPQTPPTDARLLQPTPSPAPSPALQTPDSKPAPSPRIP,Homo sapiens
190528,9606.ENSP00000263334,9606.ENSP00000263334,False,PAX8_HUMAN,"rgb(223,239,117)",PAX8,,9606.ENSP00000263334,"Paired box protein Pax-8; Transcription factor for the thyroid-specific expression of the genes exclusively expressed in the thyroid cell type, maintaining the functional differentiation of such cells.",stringdb:9606.ENSP00000263334,stringdb,protein,PAX8,MPHNSIRSGHGGLNQLGGAFVNGRPLPEVVRQRIVDLAHQGVRPCDISRQLRVSHGCVSKILGRYYETGSIRPGVIGGSKPKVATPKVVEKIGDYKRQNPTMFAWEIRDRLLAEGVCDNDTVPSVSSINRIIRTKVQQPFNLPMDSCVATKSLSPGHTLIPSSAVTPPESPQSDSLGSTYSINGLLGIAQPGSDKRKMDDSDQDSCRLSIDSQSSSSGPRKHLRTDAFSQHHLEPLECPFERQHYPEAYASPSHTKGEQGLYPLPLLNSTLDDGKATLTPSNTPLGRNLSTHQTYPVVADPHSPFAIKQETPEVSSSSSTPSSLSSSAFLDLQQVGSGVPPFNAFPHAASVYGQFTGQALLSGREMVGPTLPGYPPHIPTSGQGSYASSAIAGMVAGSEYSGNAYGHTPYSSYSEAWRFPNSSLLSSPYYYSSTSRPSAPPTTATAFDHL,Homo sapiens
190273,9606.ENSP00000263433,9606.ENSP00000263433,False,PP12C_HUMAN,"rgb(117,132,239)",PPP1R12C,,9606.ENSP00000263433,Protein phosphatase 1 regulatory subunit 12C; Regulates myosin phosphatase activity.,stringdb:9606.ENSP00000263433,stringdb,protein,PPP1R12C,MSGEDGPAAGPGAAAAAARERRREQLRQWGARAGAEPGPGERRARTVRFERAAEFLAACAGGDLDEARLMLRAADPGPGAELDPAAPPPARAVLDSTNADGISALHQACIDENLEVVRFLVEQGATVNQADNEGWTPLHVAASCGYLDIARYLLSHGANIAAVNSDGDLPLDLAESDAMEGLLKAEIARRGVDVEAAKRAEEELLLHDTRCWLNGGAMPEARHPRTGASALHVAAAKGYIEVMRLLLQAGYDPELRDGDGWTPLHAAAHWGVEDACRLLAEHGGGMDSLTHAGQRPCDLADEEVLSLLEELARKQEDLRNQKEASQSRGQEPQAPSSSKHRRSSVCRLSSREKISLQDLSKERRPGGAGGPPIQDEDEGEEGPTEPPPAEPRTLNGVSSPPHPSPKSPVQLEEAPFSRRFGLLKTGSSGALGPPERRTAEGAPGAGLQRSASSSWLEGTSTQAKELRLARITPTPSPKLPEPSVLSEVTKPPPCLENSSPPSRIPEPESPAKPNVPTASTAPPADSRDRRRSYQMPVRDEESESQRKARSRLMRQSRRSTQGVTLTDLKEAEKAAGKAPESEKPAQSLDPSRRPRVPGVENSDSPAQRAEAPDGQGPGPQAAREHRKVGKEWRGPAEGEEAEPADRSQESSTLEGGPSARRQRWQRDLNPEPEPESEEPDGGFRTLYAELRRENERLREALTETTLRLAQLKVELERATQRQERFAERPALLELERFERRALERKAAELEEELKALSDLRADNQRLKDENAALIRVISKLSK,Homo sapiens
189766,9606.ENSP00000416741,9606.ENSP00000416741,False,HS3S6_HUMAN,"rgb(117,117,239)",HS3ST6,,9606.ENSP00000416741,"Heparan sulfate glucosamine 3-O-sulfotransferase 6; Sulfotransferase that utilizes 3'-phospho-5'-adenylyl sulfate (PAPS) to catalyze the transfer of a sulfo group to heparan sulfate. The substrate-specific O-sulfation generates an enzyme-modified heparan sulfate which acts as a binding receptor to Herpes Simplex Virus-1 (HSV-1) and permits its entry. Unlike 3-OST-1, does not convert non- anticoagulant heparan sulfate to anticoagulant heparan sulfate.",stringdb:9606.ENSP00000416741,stringdb,protein,HS3ST6,MAGSGGLGGGAGGGQGAGAGQGAALRASRAPMLLVALVLGAYCLCALPGRCPPAARAPAPAPAPSEPSSSVHRPGAPGLPLASGPGRRRFPQALIVGVKKGGTRALLEFLRLHPDVRALGSEPHFFDRCYERGLAWYRSLMPRTLDGQITMEKTPSYFVTREAPRRIHAMSPDTKLIVVVRNPVTRAISDYAQTLSKTPGLPSFRALAFRHGLGPVDTAWSAVRIGLYAQHLDHWLRYFPLSHFLFVSGERLVSDPAGEVGRVQDFLGLKRVVTDKHFYFNATKGFPCLKKAQGGSRPRCLGKSKGRPHPRVPQALVRRLQEFYRPFNRRFYQMTGQDFGWG,Homo sapiens
190534,9606.ENSP00000339585,9606.ENSP00000339585,False,ZN449_HUMAN,"rgb(117,239,149)",ZNF449,,9606.ENSP00000339585,Zinc finger protein 449; May be involved in transcriptional regulation; Belongs to the krueppel C2H2-type zinc-finger protein family.,stringdb:9606.ENSP00000339585,stringdb,protein,ZNF449,MAVALGCAIQASLNQGSVFQEYDTDCEVFRQRFRQFQYREAAGPHEAFNKLWELCCQWLKPKMRSKEQILELLVLEQFLTILPTEIETWVREHCPENRERVVSLIEDLQRELEIPEQQVDMHDMLLEELAPVGTAHIPPTMHLESPALQVMGPAQEAPVAEAWIPQAGPPELNYGATGECQNFLDPGYPLPKLDMNFSLENREEPWVKELQDSKEMKQLLDSKIGFEIGIENEEDTSKQKKMETMYPFIVTLEGNALQGPILQKDYVQLENQWETPPEDLQTDLAKLVDQQNPTLGETPENSNLEEPLNPKPHKKKSPGEKPHRCPQCGKCFARKSQLTGHQRIHSGEEPHKCPECGKRFLRSSDLYRHQRLHTGERPYECTVCKKRFTRRSHLIGHQRTHSEEETYKCLECGKSFCHGSSLKRHLKTHTGEKPHRCHNCGKSFSRLTALTLHQRTHTEERPFKCNYCGKSFRQRPSLVIHLRIHTGEKPYKCTHCSKSFRQRAGLIMHQVTHFRGLI,Homo sapiens
190279,9606.ENSP00000359198,9606.ENSP00000359198,False,PPDPF_HUMAN,"rgb(117,139,239)",PPDPF,,9606.ENSP00000359198,Pancreatic progenitor cell differentiation and proliferation factor; Probable regulator of exocrine pancreas development. Belongs to the PPDPF family.,stringdb:9606.ENSP00000359198,stringdb,protein,PPDPF,MAAIPSSGSLVATHDYYRRRLGSTSSNSSCSSTECPGEAIPHPPGLPKADPGHWWASFFFGKSTLPFMATVLESAEHSEPPQASSSMTACGLARDAPRKQPGGQSSTASAGPPS,Homo sapiens
190276,9606.ENSP00000367494,9606.ENSP00000367494,False,SPIR2_HUMAN,"rgb(117,212,239)",SPIRE2,,9606.ENSP00000367494,"Protein spire homolog 2; Acts as an actin nucleation factor, remains associated with the slow-growing pointed end of the new filament. Involved in intracellular vesicle transport along actin fibers, providing a novel link between actin cytoskeleton dynamics and intracellular transport (By similarity). Required for asymmetric spindle positioning and asymmetric cell division during meiosis. Required for normal formation of the cleavage furrow and for polar body extrusion during female germ cell meiosis. Also acts in the nucleus: together with SPIRE1 and SPIRE2, promotes assembly of nucle [...] ",stringdb:9606.ENSP00000367494,stringdb,protein,SPIRE2,MARAGSCGGAAAGAGRPEPWELSLEEVLKAYEQPLNEEQAWAVCFQGCRGLRGSPGRRLRDTGDLLLRGDGSVGAREPEAAEPATMVVPLASSEAQTVQSLGFAIYRALDWGLDESEERELSPQLERLIDLMANNDSEDSGCGAADEGYGGPEEEEEAEGVPRSVRTFAQAMRLCAARLTDPRGAQAHYQAVCRALFVETLELRAFLARVREAKEMLQKLREDEPHLETPRAELDSLGHTDWARLWVQLMRELRRGVKLKKVQEQEFNPLPTEFQLTPFEMLMQDIRARNYKLRKVMVDGDIPPRVKKDAHELILDFIRSRPPLKQVSERRLRPLPPKQRSLHEKILEEIKQERRLRPVRGEGWAARGFGSLPCILNACSGDAKSTSCINLSVTDAGGSAQRPRPRVLLKAPTLAEMEEMNTSEEEESPCGEVTLKRDRSFSEHDLAQLRSEVASGLQSATHPPGGTEPPRPRAGSAHVWRPGSRDQGTCPASVSDPSHPLLSNRGSSGDRPEASMTPDAKHLWLEFSHPVESLALTVEEVMDVRRVLVKAEMEKFLQNKELFSSLKKGKICCCCRAKFPLFSWPPSCLFCKRAVCTSCSIKMKMPSKKFGHIPVYTLGFESPQRVSAAKTAPIQRRDIFQSLQGPQWQSVEEAFPHIYSHGCVLKDVCSECTSFVADVVRSSRKSVDVLNTTPRRSRQTQSLYIPNTRTLDFK,Homo sapiens
190282,9606.ENSP00000486687,9606.ENSP00000486687,False,TIGD2_HUMAN,"rgb(239,230,117)",TIGD2,,9606.ENSP00000486687,Tigger transposable element derived 2.,stringdb:9606.ENSP00000486687,stringdb,protein,TIGD2,MLGKRKRVVLTIKDKLDIIKKLEEGISFKKLSVVYGIGESTVRDIKKNKERIINYANSSDPTSGVSKRKSMKSSTYEELDRVMIEWFNQQKTDGIPVSGTICAKQAKFFFDALGMEGDFNASSGWLTRFKQRHGIPKAAGKGTKLKGDETAAREFCGSFQEFVEKENLQPEQIYGADQTGLFWKCLPSRTLTLETDQSTSGCRSSRERIIIMCCANATGLHKLNLCVVGKAKKPRAFKGTDLSNLPVTYYSQKGAWIEQSVFRQWFEKYFVPQVQKHLKSKGLLEKAVLLLDFPPARPNEEMLSSDDGRIIVKYLPPNVTSLIQPMSQGVLATVKRYYRAGLLQKYMDEGNDPKIFWKNLTVLDAIYEVSRAWNMVKSSTITKAWKKLFPGNEENSGMNIDEGAILAANLATVLQNTEECEHVDIENIDQWFDSRSSDSSCQVLTDSESAEDQTKAAEQKPSSKSRKTELNPEKHISHKAALEWTENLLDYLEQQDDMLLSDKLVLRRLRTIIRKKQKIQNNKNH,Homo sapiens
190537,9606.ENSP00000298892,9606.ENSP00000298892,False,CAPR2_HUMAN,"rgb(117,220,239)",CAPRIN2,,9606.ENSP00000298892,"Caprin-2; Promotes phosphorylation of the Wnt coreceptor LRP6, leading to increased activity of the canonical Wnt signaling pathway. Facilitates constitutive LRP6 phosphorylation by CDK14/CCNY during G2/M stage of the cell cycle, which may potentiate cells for Wnt signaling. May regulate the transport and translation of mRNAs, modulating for instance the expression of proteins involved in synaptic plasticity in neurons (By similarity). Involved in regulation of growth as erythroblasts shift from a highly proliferative state towards their terminal phase of differentiation. May be involv [...] ",stringdb:9606.ENSP00000298892,stringdb,protein,CAPRIN2,MEVQVSQASLGFELTSVEKSLREWSRLSREVIAWLCPSSPNFILNFPPPPSASSVSMVQLFSSPFGYQSPSGHSEEEREGNMKSAKPQVNHSQHGESQRALSPLQSTLSSAASPSQAYETYIENGLICLKHKIRNIEKKKLKLEDYKDRLKSGEHLNPDQLEAVEKYEEVLHNLEFAKELQKTFSGLSLDLLKAQKKAQRREHMLKLEAEKKKLRTILQVQYVLQNLTQEHVQKDFKGGLNGAVYLPSKELDYLIKFSKLTCPERNESLSVEDQMEQSSLYFWDLLEGSEKAVVGTTYKHLKDLLSKLLNSGYFESIPVPKNAKEKEVPLEEEMLIQSEKKTQLSKTESVKESESLMEFAQPEIQPQEFLNRRYMTEVDYSNKQGEEQPWEADYARKPNLPKRWDMLTEPDGQEKKQESFKSWEASGKHQEVSKPAVSLEQRKQDTSKLRSTLPEEQKKQEISKSKPSPSQWKQDTPKSKAGYVQEEQKKQETPKLWPVQLQKEQDPKKQTPKSWTPSMQSEQNTTKSWTTPMCEEQDSKQPETPKSWENNVESQKHSLTSQSQISPKSWGVATASLIPNDQLLPRKLNTEPKDVPKPVHQPVGSSSTLPKDPVLRKEKLQDLMTQIQGTCNFMQESVLDFDKPSSAIPTSQPPSATPGSPVASKEQNLSSQSDFLQEPLQATSSPVTCSSNACLVTTDQASSGSETEFMTSETPEVFNVNAPLPPRKEQEIKESPYSPGYNQSFTTASTQTPPQCQLPSIHVEQTVHSQETANYHPDGTIQVSNGSLAFYPAQTNVFPRPTQPFVNSRGSVRGCTRGGRLITNSYRSPGGYKGFDTYRGLPSISNGNYSQLQFQAREYSGAPYSQRDNFQQCYKRGGTSGGPRANSRAGWSDSSQVSSPERDNETFNSGDSGQGDSRSMTPVDVPVTNPAATILPVHVYPLPQQMRVAFSAARTSNLAPGTLDQPIVFDLLLNNLGETFDLQLGRFNCPVNGTYVFIFHMLKLAVNVPLYVNLMKNEEVLVSAYANDGAPDHETASNHAILQLFQGDQIWLRLHRGAIYGSSWKYSTFSGYLLYQD,Homo sapiens
189772,9606.ENSP00000359583,9606.ENSP00000359583,False,HPSE2_HUMAN,,HPSE2,,9606.ENSP00000359583,"Inactive heparanase-2; Binds heparin and heparan sulfate with high affinity, but lacks heparanase activity. Inhibits HPSE, possibly by competing for its substrates (in vitro).",stringdb:9606.ENSP00000359583,stringdb,protein,,MRVLCAFPEAMPSSNSRPPACLAPGALYLALLLHLSLSSQAGDRRPLPVDRAAGLKEKTLILLDVSTKNPVRTVNENFLSLQLDPSIIHDGWLDFLSSKRLVTLARGLSPAFLRFGGKRTDFLQFQNLRNPAKSRGGPGPDYYLKNYEDDIVRSDVALDKQKGCKIAQHPDVMLELQREKAAQMHLVLLKEQFSNTYSNLILTARSLDKLYNFADCSGLHLIFALNALRRNPNNSWNSSSALSLLKYSASKKYNISWELGNEPNNYRTMHGRAVNGSQLGKDYIQLKSLLQPIRIYSRASLYGPNIGRPRKNVIALLDGFMKVAGSTVDAVTWQHCYIDGRVVKVMDFLKTRLLDTLSDQIRKIQKVVNTYTPGKKIWLEGVVTTSAGGTNNLSDSYAAGFLWLNTLGMLANQGIDVVIRHSFFDHGYNHLVDQNFNPLPDYWLSLLYKRLIGPKVLAVHVAGLQRKPRPGRVIRDKLRIYAHCTNHHNHNYVRGSITLFIINLHRSRKKIKLAGTLRDKLVHQYLLQPYGQEGLKSKSVQLNGQPLVMVDDGTLPELKPRPLRAGRTLVIPPVTMGFYVVKNVNALACRYR,Homo sapiens
190540,9606.ENSP00000442682,9606.ENSP00000442682,False,ADAP1_HUMAN,"rgb(117,239,230)",ADAP1,,9606.ENSP00000442682,"Arf-GAP with dual PH domain-containing protein 1; GTPase-activating protein for the ADP ribosylation factor family (Probable). Binds phosphatidylinositol 3,4,5-trisphosphate (PtdInsP3) and inositol 1,3,4,5-tetrakisphosphate (InsP4).",stringdb:9606.ENSP00000442682,stringdb,protein,ADAP1,MFQFVFSRVYCINPARRKWKEFEKMLGCAEEGHASLGRDPDWASYTLGVFICLSCSGIHRNIPQVSKVKSVRLDAWEEAQVEFMASHGNDAARARFESKVPSFYYRPTPSDCQLLREQWIRAKYERQEFIYPEKQEPYSAGYREGFLWKRGRDNGQFLSRKFVLTEREGALKYFNRNDAKEPKAVMKIEHLNATFQPAKIGHPHGLQVTYLKDNSTRNIFIYHEDGKEIVDWFNALRAARFHYLQVAFPGAGDADLVPKLSRNYLKEGYMEKTGPKQTEGFRKRWFTMDDRRLMYFKDPLDAFARGEVFIGSKESGYTVLHGFPPSTQGHHWPHGITIVTPDRKFLFACETESDQREWVAAFQKAVDRPMLPQEYAVEAHFKHKP,Homo sapiens
190285,9606.ENSP00000416797,9606.ENSP00000416797,False,CAMP3_HUMAN,"rgb(117,239,233)",CAMSAP3,,9606.ENSP00000416797,"Calmodulin-regulated spectrin-associated protein 3; Key microtubule-organizing protein that specifically binds the minus-end of non-centrosomal microtubules and regulates their dynamics and organization. Specifically recognizes growing microtubule minus-ends and autonomously decorates and stabilizes microtubule lattice formed by microtubule minus-end polymerization. Acts on free microtubule minus-ends that are not capped by microtubule-nucleating proteins or other factors and protects microtubule minus-ends from depolymerization. In addition, it also reduces the velocity of microtubule [...] ",stringdb:9606.ENSP00000416797,stringdb,protein,CAMSAP3,MVEAAPPGPGPLRRTFLVPEIKSLDQYDFSRAKAAASLAWVLRAAFGGAEHVPPELWEPFYTDQYAQEHVKPPVTRLLLSAELYCRAWRQALPQLETPPNPSALLALLARRGTVPALPERPVREADLRHQPILMGAHLAVIDALMAAFAFEWTKTLPGPLALTSLEHKLLFWVDTTVRRLQEKTEQEAAQRASPAAPADGAAPAQPSCPTRWYWKLVPHAIAFCLKESGSKPPMIRYRKDRVVARRAPCFPTVTSLQDLASGAALAATIHCYCPQLLRLEEVCLKDPMSVADSLYNLQLVQDFCASRLPRGCPLSLEDLLYVPPPLKVNLVVMLAELFMCFEVLKPDFVQVKDLPDGHAASPRGTEASPPQNNSGSSSPVFTFRHPLLSSGGPQSPLRGSTGSLKSSPSMSHMEALGKAWNRQLSRPLSQAVSFSTPFGLDSDVDVVMGDPVLLRSVSSDSLGPPRPAPARTPTQPPPEPGDLPTIEEALQIIHSAEPRLLPDGAADGSFYLHSPEGPSKPSLASPYLPEGTSKPLSDRPTKAPVYMPHPETPSKPSPCLVGEASKPPAPSEGSPKAVASSPAATNSEVKMTSFAERKKQLVKAEAEAGAGSPTSTPAPPEALSSEMSELSARLEEKRRAIEAQKRRIEAIFAKHRQRLGKSAFLQVQPREASGEAEAEAEEADSGPVPGGERPAGEGQGEPTSRPKAVTFSPDLGPVPHEGLGEYNRAVSKLSAALSSLQRDMQRLTDQQQRLLAPPEAPGSAPPPAAWVIPGPTTGPKAASPSPARRVPATRRSPGPGPSQSPRSPKHTRPAELRLAPLTRVLTPPHDVDSLPHLRKFSPSQVPVQTRSSILLAEETPPEEPAARPGLIEIPLGSLADPAAEDEGDGSPAGAEDSLEEEASSEGEPRVGLGFFYKDEDKPEDEMAQKRASLLERQQRRAEEARRRKQWQEVEKEQRREEAARLAQEEAPGPAPLVSAVPMATPAPAARAPAEEEVGPRKGDFTRQEYERRAQLKLMDDLDKVLRPRAAGSGGPGRGGRRATRPRSGCCDDSALARSPARGLLGSRLSKIYSQSTLSLSTVANEAHNNLGVKRPTSRAPSPSGLMSPSRLPGSRERDWENGSNASSPASVPEYTGPRLYKEPSAKSNKFIIHNALSHCCLAGKVNEPQKNRILEEIEKSKANHFLILFRDSSCQFRALYTLSGETEELSRLAGYGPRTVTPAMVEGIYKYNSDRKRFTQIPAKTMSMSVDAFTIQGHLWQGKKPTTPKKGGGTPK,Homo sapiens
190291,9606.ENSP00000419786,9606.ENSP00000419786,False,RTL9_HUMAN,"rgb(117,239,131)",RTL9,,9606.ENSP00000419786,Retrotransposon Gag like 9.,stringdb:9606.ENSP00000419786,stringdb,protein,RTL9,MSIPLHSLRFNNTMREENVEPQNKQMAFCRPMTETRADVQILHSHVQLPIVSTSASDPGGTSTQLMTSPVFDTMSAPLMGVPNSGALSPPLMPASDSGALSPLLMPASDSGALSPLLMPALDSGTLSPLLSTSEYGVMSPGMMTIPDFGTMSATLMVAPDSAEISPLAMPAPSSGVVCTPIMSTSSSEAMSTPLMLAPDSGELSPILMQDMNPGVMSTQPVPAPSSEAMSPLQITDEDTEAMSKVLMTALASGEISSLLMSGTDSEAISSLIMSAVASGGTSPQPTSTQNSGGIPTPLMSDLDSGIMSSLLMSSPGSEVMSTPLLSVPDAGEMSTLPKPAPDAEAMSPALMTALPSGVMPTQTMPAPGSGAMSPWSTQNVDSEMMSNPPVRATASGVMSAPPVRALDSGAMSTPLMGAPASGNMSTLQKTVPASGAMTTSLMTVPSSGVMSTEQMSATASRVMSAQLTMAKTSGAMPTGSMKAVAKQYKRATASGKMSTPLRRAPTSGAMSTQPVTATASETMSMPQLTVPASGSMSMLQMRAPVSEAMSMPQMRTMASGLTSAAQMKAMTSGAMSTPLMTAQTSGSTSTLLMRDTASGVMSCPQMRSLASGALSKPLMTPKASGTMFTEKMTTTASEAMPTLLMRDTVSGALSMPQMTDTASGGLSASLMRDTASGAMSTSQMTATVSGGMSMPLMRAQDPGVMPASLMRAKVSGKMLSQPMSTQDPGGMSMSPMKSMTAGGMQMNSPTSDVMSTPTVRAWTSETMSTPLMRTSDPGERPSLLTRASSSGEMSLPLMRAPASGEIATPLRSPAYGAMSAPQMTATASGMMSSMPQVKAPISGAMSMPLTRSTASGGMSMPLMRAPDSRVTSTSQMMPTASGDMCTLPVRAPASGGVSSPLVRAPASGTMSTPLRRPSACETVSTELMRASASGHMSTAQTTAMVSGGMSKPLMRAPASGTMPMPLMSAMASGEMSMPLMETMASGATSTLQTSVANSRSMSLSQTTYTVSGRMATAPIRASASGARSTSFMRASVSGSMPMPLPRATASGCGMGMSMPQMTATDSRGMSTPLMRASGPGTMSTPQTAFGVMSTPEIKATDSGEASTSHINITASGSKPTSHMTATTPETAKPPPKEVPSFGMLTPALCYLLEEQEAARGSCSVEEEMEIDEEKQMKGFLDDSERMAFLVSLHLGAAERWFILQMEVGEPLSHENKSFLRRSQGIYDSLSEIDILSAVLCHPKQGQKSVRQYATDFLLLARHLSWSDAILRTRFLEGLSEAVTTKMGRIFLKVAGSLKELIDRSLYTECQLAEEKDSPGNSSQVLPTACKRNNEEAMGNELSSQQQTEEHQHVSKRCYYLKEHGDPQEGLHDHLGQSTGHHQKAHTNK,Homo sapiens
190288,9606.ENSP00000468678,9606.ENSP00000468678,False,PKHH3_HUMAN,"rgb(117,125,239)",PLEKHH3,,9606.ENSP00000468678,"Pleckstrin homology, MyTH4 and FERM domain containing H3.",stringdb:9606.ENSP00000468678,stringdb,protein,PLEKHH3,MPLPGGLWWLLCCRRGFTLLHRDYGDGELSGDGDEDEDEETFELRTPSPAGGGRGPLEVTLTQPVRSGPVSNRLQSWEETWSLIPEKGLPEDDPDIVVKGWLYREPRGGGARPWLPPRRAWFVLTRDSLDQFSSSGKGARRLGSLVLTSLCSVTGPERRRKETGLWSVTVSGRKHSVRLCSPRQAEAERWGVALREVIASKAPLETPTQLLLRDIQESCGDPEAVALIYLRNPILRHTSGALYAPLLPLPYGVSAPGPGYAPLREEAVRLFLALQALEGARRPGPLMQGVLQTCRDLPALRDELFLQLAKQTSGPAGPPGLPATQDPAALRYWQLLTCMSCTFRPGGAVRGHLLGHLERTEQALPDSELAEYARFIRKALGRTRGRELVPSLAEISALSQRQELLCTVHCPGAGACAVAIDSHTTAGEVARELVGRLGLARSRNAFALYEQRGAQERALAGGTLVADVLTRFENLAAEEAGLEDSPDSGWRLCLRLHGPLHPEGLSPDGHELPFLFEQAHALLLRGRPPPPDDTLRALAALRLQSLQRDFSPRVPLPRLDRLLPPPAPPREDPPRPTPRPPPSAALLAGALWSPGLAKRRAERARRGGAGRTAGSIAREGGGGAGTAAAVLGGWKRLRGMGRAEAMAAYLALAAQCPGFGAARYDVLELSTEPGRGAPQKLCLGLGAKAMSLSRPGETEPIHSVSYGHVAACQLMGPHTLALRVGESQLLLQSPQVEEIMQLVNAYLANPSPERPCSSSSPPCQDLPDTSPPSQRPGLDEPQGQSGCLGQLQD,Homo sapiens
189526,9606.ENSP00000040877,9606.ENSP00000040877,False,TARB1_HUMAN,"rgb(139,239,117)",TARBP1,,9606.ENSP00000040877,Probable methyltransferase TARBP1; Probable S-adenosyl-L-methionine-dependent methyltransferase which methylates RNA molecules such as tRNAs.,stringdb:9606.ENSP00000040877,stringdb,protein,TARBP1,MEWVLAEALLSQSRDPRALLGALCQGEASAERVETLRFLLQRLEDEEARGSGGAGALPEAAREVAAGYLVPLLRSLRGRPAGGPDPSLQPRHRRRVLRAAGAALRSCVRLAGRPQLAAALAEEALRDLLAGWRAPGAEAAVEVLAAVGPCLRPREDGPLLERVAGTAVALALGGGGDGDEAGPAEDAAALVAGRLLPVLVQCGGAALRAVWGGLAAPGASLGSGRVEEKLLVLSALAEKLLPEPGGDRARGAREAGPDARRCWRFWRTVQAGLGQADALTRKRARYLLQRAVEVSAELGADCTCGPQEGNGPSLFWWSERKKDELLKFWENYILIMETLEGNQIHVIKPVLPKLNNLFEYAVSEENGCWLFHPSWHMCIYKRMFESENKILSKEGVIHFLELYETKILPFSPEFSEFIIGPLMDALSESSLYSRSPGQPIGSCSPLGLKLQKFLVTYISLLPEEIKSSFLLKFIRKMTSRHWCAVPILFLSKALANVPRHKALGIDGLLALRDVIHCTMITHQILLRGAAQCYLLQTAMNLLDVEKVSLSDVSTFLMSLRQEESLGRGTSLWTELCDWLRVNESYFKPSPTCSSIGLHKTSLNAYVKSIVQEYVKSSAWETGENCFMPDWFEAKLVSLMVLLAVDVEGMKTQYSGKQRTENVLRIFLDPLLDVLMKFSTNAYMPLLKTDRCLQLLLKLLNTCRLKGSSAQDDEVSTVLQNFFMSTTESISEFILRRLTMNELNSVSDLDRCHLYLMVLTELINLHLKVGWKRGNPIWRVISLLKNASIQHLQEMDSGQEPTVGSQIQRVVSMAALAMVCEAIDQKPELQLDSLHAGPLESFLSSLQLNQTLQKPHAEEQSSYAHPLECSSVLEESSSSQGWGKIVAQYIHDQWVCLSFLLKKYHTLIPTTGSEILEPFLPAVQMPIRTLQSALEALTVLSSDQVLPVFHCLKVLVPKLLTSSESLCIESFDMAWKIISSLSNTQLIFWANLKAFVQFVFDNKVLTIAAKIKGQAYFKIKEIMYKIIEMSAIKTGVFNTLISYCCQSWIVSASNVSQGSLSSAKNYSELILEACIFGTVFRRDQRLVQDVQTFIENLGHDCAANIVMENTKREDHYVRICAVKFLCLLDGSNMSHKLFIEDLAIKLLDKDELVSKSKKRYYVNSLQHRVKNRVWQTLLVLFPRLDQNFLNGIIDRIFQAGFTNNQASIKYFIEWIIILILHKFPQFLPKFWDCFSYGEENLKTSICTFLAVLSHLDIITQNIPEKKLILKQALIVVLQWCFNHNFSVRLYALVALKKLWTVCKVLSVEEFDALTPVIESSLHQVESMHGAGNAKKNWQRIQEHFFFATFHPLKDYCLETIFYILPRLSGLIEDEWITIDKFTRFTDVPLAAGFQWYLSQTQLSKLKPGDWSQQDIGTNLVEADNQAEWTDVQKKIIPWNSRVSDLDLELLFQDRAARLGKSISRLIVVASLIDKPTNLGGLCRTCEVFGASVLVVGSLQCISDKQFQHLSVSAEQWLPLVEVKPPQLIDYLQQKKTEGYTIIGVEQTAKSLDLTQYCFPEKSLLLLGNEREGIPANLIQQLDVCVEIPQQGIIRSLNVHVSGALLIWEYTRQQLLSHGDTKP,Homo sapiens
190294,9606.ENSP00000391409,9606.ENSP00000391409,False,CDHR4_HUMAN,"rgb(117,136,239)",CDHR4,,9606.ENSP00000391409,Cadherin-related family member 4; Cadherins are calcium-dependent cell adhesion proteins. They preferentially interact with themselves in a homophilic manner in connecting cells; cadherins may thus contribute to the sorting of heterogeneous cell types (By similarity).,stringdb:9606.ENSP00000391409,stringdb,protein,CDHR4,MVLLRLLVFLFAPVVSDLCSLPCFINVSESQGPGTVLQFLSFNCSSYTPTPTLELLNVQPPTTFFNPPSLARWQGTYVGKLTLSSSAQLDALMVNHYKVQLKFTCGNHVMEGSLSVDVQRDLSHIQCAGQFASPAGEMIQVPETVTPGARLYTLLLPGLELHGAQMSIISAQDLPHFPGPFSINEQGWLQAPSQGLLGQAQKVFQLQISVSFGQRQSCQGMVIVKVLPVPSSQVSFLEQAQNITIPENLAPGSEVVQVQARGVDLRYEILSPVPSPLFSIGRADGVVRTTTPLELARTSGTAVSRLQVKAFEQGQLWASAKLNLTMNVQLVNLWPPRCLPALLVSQIPETAPVGTVLNTLTCEDPDSVGATLDYKLWFRSSSNPASLCLYDRVLEVNATLDCDTPGACFQHAASILVLDGGQPQMTTEVPVLVMVTPINEFSPACAPRTFRVQEDAAPHTLLGSVVGTDMDYPHDNIEYYTSGGPTTFAVDRLSGEVHLLGPLDYEQQRLYRLTVLVIDHGQDQNPNHHLSGSCTITIEVEDVNDHAPECEPPFQELTIYAPLGRSVEVTKMSCQIPQEPQRLIYSYSIVGGNSQNRFILQGAILVHSDLVLGPFWPEQPRTYELLICVADAGPSTPHLSTTATIIVHLVPRRASTVATSTHRTTVPSTMTPMLVTDTEAFWQPQPWFVVVLTATGALLLLALGWLLGRLLQGLAQLLQAPSKPAQALLLNSIQGTEGSIEGFLEAPKMEMSQAPSSVMSLHFDGRAQDSRTGRDYLFNTHTGARRWL,Homo sapiens
190039,9606.ENSP00000349486,9606.ENSP00000349486,False,SCRIB_HUMAN,"rgb(239,128,117)",SCRIB,,9606.ENSP00000349486,Protein scribble homolog; Scaffold protein involved in different aspects of polarized cells differentiation regulating epithelial and neuronal morphogenesis. Most probably functions in the establishment of apico-basal cell polarity. May function in cell proliferation regulating progression from G1 to S phase and as a positive regulator of apoptosis for instance during acinar morphogenesis of the mammary epithelium. May also function in cell migration and adhesion and hence regulate cell invasion through MAPK signaling. May play a role in exocytosis and in the targeting synaptic vesicle [...] ,stringdb:9606.ENSP00000349486,stringdb,protein,SCRIB,MLKCIPLWRCNRHVESVDKRHCSLQAVPEEIYRYSRSLEELLLDANQLRELPKPFFRLLNLRKLGLSDNEIQRLPPEVANFMQLVELDVSRNDIPEIPESIKFCKALEIADFSGNPLSRLPDGFTQLRSLAHLALNDVSLQALPGDVGNLANLVTLELRENLLKSLPASLSFLVKLEQLDLGGNDLEVLPDTLGALPNLRELWLDRNQLSALPPELGNLRRLVCLDVSENRLEELPAELGGLVLLTDLLLSQNLLRRLPDGIGQLKQLSILKVDQNRLCEVTEAIGDCENLSELILTENLLMALPRSLGKLTKLTNLNVDRNHLEALPPEIGGCVALSVLSLRDNRLAVLPPELAHTTELHVLDVAGNRLQSLPFALTHLNLKALWLAENQAQPMLRFQTEDDARTGEKVLTCYLLPQQPPPSLEDAGQQGSLSETWSDAPPSRVSVIQFLEAPIGDEDAEEAAAEKRGLQRRATPHPSELKVMKRSIEGRRSEACPCQPDSGSPLPAEEEKRLSAESGLSEDSRPSASTVSEAEPEGPSAEAQGGSQQEATTAGGEEDAEEDYQEPTVHFAEDALLPGDDREIEEGQPEAPWTLPGGRQRLIRKDTPHYKKHFKISKLPQPEAVVALLQGMQPDGEGPVAPGGWHNGPHAPWAPRAQKEEEEEEEGSPQEEEEEEEEENRAEEEEASTEEEDKEGAVVSAPSVKGVSFDQANNLLIEPARIEEEELTLTILRQTGGLGISIAGGKGSTPYKGDDEGIFISRVSEEGPAARAGVRVGDKLLEVNGVALQGAEHHEAVEALRGAGTAVQMRVWRERMVEPENAVTITPLRPEDDYSPRERRGGGLRLPLLPPESPGPLRQRHVACLARSERGLGFSIAGGKGSTPYRAGDAGIFVSRIAEGGAAHRAGTLQVGDRVLSINGVDVTEARHDHAVSLLTAASPTIALLLEREAGGPLPPSPLPHSSPPTAAVATTSITTATPGVPGLPSLAPSLLAAALEGPYPVEEIRLPRAGGPLGLSIVGGSDHSSHPFGVQEPGVFISKVLPRGLAARSGLRVGDRILAVNGQDVRDATHQEAVSALLRPCLELSLLVRRDPAPPGLRELCIQKAPGERLGISIRGGARGHAGNPRDPTDEGIFISKVSPTGAAGRDGRLRVGLRLLEVNQQSLLGLTHGEAVQLLRSVGDTLTVLVCDGFEASTDAALEVSPGVIANPFAAGIGHRNSLESISSIDRELSPEGPGKEKELPGQTLHWGPEATEAAGRGLQPLKLDYRALAAVPSAGSVQRVPSGAAGGKMAESPCSPSGQQPPSPPSPDELPANVKQAYRAFAAVPTSHPPEDAPAQPPTPGPAASPEQLSFRERQKYFELEVRVPQAEGPPKRVSLVGADDLRKMQEEEARKLQQKRAQMLREAAEAGAEARLALDGETLGEEEQEDEQPPWASPSPTSRQSPASPPPLGGGAPVRTAKAERRHQERLRVQSPEPPAPERALSPAELRALEAEKRALWRAARMKSLEQDALRAQMVLSRSQEGRGTRGPLERLAEAPSPAPTPSPTPVEDLGPQTSTSPGRLPLSGKKFDYRAFAALPSSRPVYDIQSPDFAEELRSLEPSPSPGPQEEDGEVALVLLGRPSPGAVGPEDVALCSSRRPVRPGRRGLGPVPS,Homo sapiens
189781,9606.ENSP00000352414,9606.ENSP00000352414,False,FGF17_HUMAN,"rgb(117,239,237)",FGF17,,9606.ENSP00000352414,Fibroblast growth factor 17; Plays an important role in the regulation of embryonic development and as signaling molecule in the induction and patterning of the embryonic brain. Required for normal brain development.,stringdb:9606.ENSP00000352414,stringdb,protein,FGF17,MGAARLLPNLTLCLQLLILCCQTQGENHPSPNFNQYVRDQGAMTDQLSRRQIREYQLYSRTSGKHVQVTGRRISATAEDGNKFAKLIVETDTFGSRVRIKGAESEKYICMNKRGKLIGKPSGKSKDCVFTEIVLENNYTAFQNARHEGWFMAFTRQGRPRQASRSRQNQREAHFIKRLYQGQLPFPNHAEKQKQFEFVGSAPTRRTKRTRRPQPLT,Homo sapiens
190042,9606.ENSP00000420525,9606.ENSP00000420525,False,TFR2_HUMAN,"rgb(239,139,117)",TFR2,,9606.ENSP00000420525,"Transferrin receptor protein 2; Mediates cellular uptake of transferrin-bound iron in a non- iron dependent manner. May be involved in iron metabolism, hepatocyte function and erythrocyte differentiation; Belongs to the peptidase M28 family. M28B subfamily.",stringdb:9606.ENSP00000420525,stringdb,protein,TFR2,MERLWGLFQRAQQLSPRSSQTVYQRVEGPRKGHLEEEEEDGEEGAETLAHFCPMELRGPEPLGSRPRQPNLIPWAAAGRRAAPYLVLTALLIFTGAFLLGYVAFRGSCQACGDSVLVVSEDVNYEPDLDFHQGRLYWSDLQAMFLQFLGEGRLEDTIRQTSLRERVAGSAGMAALTQDIRAALSRQKLDHVWTDTHYVGLQFPDPAHPNTLHWVDEAGKVGEQLPLEDPDVYCPYSAIGNVTGELVYAHYGRPEDLQDLRARGVDPVGRLLLVRVGVISFAQKVTNAQDFGAQGVLIYPEPADFSQDPPKPSLSSQQAVYGHVHLGTGDPYTPGFPSFNQTQFPPVASSGLPSIPAQPISADIASRLLRKLKGPVAPQEWQGSLLGSPYHLGPGPRLRLVVNNHRTSTPINNIFGCIEGRSEPDHYVVIGAQRDAWGPGAAKSAVGTAILLELVRTFSSMVSNGFRPRRSLLFISWDGGDFGSVGSTEWLEGYLSVLHLKAVVYVSLDNAVLGDDKFHAKTSPLLTSLIESVLKQVDSPNHSGQTLYEQVVFTNPSWDAEVIRPLPMDSSAYSFTAFVGVPAVEFSFMEDDQAYPFLHTKEDTYENLHKVLQGRLPAVAQAVAQLAGQLLIRLSHDRLLPLDFGRYGDVVLRHIGNLNEFSGDLKARGLTLQWVYSARGDYIRAAEKLRQEIYSSEERDERLTRMYNVRIMRVEFYFLSQYVSPADSPFRHIFMGRGDHTLGALLDHLRLLRSNSSGTPGATSSTGFQESRFRRQLALLTWTLQGAANALSGDVWNIDNNF,Homo sapiens
189529,9606.ENSP00000458770,9606.ENSP00000458770,False,ACPM_HUMAN,"rgb(132,239,117)",NDUFAB1,,9606.ENSP00000458770,"Acyl carrier protein, mitochondrial; Carrier of the growing fatty acid chain in fatty acid biosynthesis (By similarity). Accessory and non-catalytic subunit of the mitochondrial membrane respiratory chain NADH dehydrogenase (Complex I), which functions in the transfer of electrons from NADH to the respiratory chain.",stringdb:9606.ENSP00000458770,stringdb,protein,NDUFAB1,MASRVLSAYVSRLPAAFAPLPRVRMLAVARPLSTALCSAGTQTRLGTLQPALVLAQVPGRVTQLCRQYSDMPPLTLEGIQDRVLYVLKLYDKIDPEKLSVNSHFMKDLGLDSLDQVEIIMAMEDEFGFEIPDIDAEKLMCPQEIVDYIADKKDVYE,Homo sapiens
190297,9606.ENSP00000307911,9606.ENSP00000307911,False,CHST2_HUMAN,"rgb(205,239,117)",CHST2,,9606.ENSP00000307911,Carbohydrate sulfotransferase 2; Sulfotransferase that utilizes 3'-phospho-5'-adenylyl sulfate (PAPS) as sulfonate donor to catalyze the transfer of sulfate to position 6 of non-reducing N-acetylglucosamine (GlcNAc) residues within keratan-like structures on N-linked glycans and within mucin-associated glycans that can ultimately serve as SELL ligands. SELL ligands are present in high endothelial cells (HEVs) and play a central role in lymphocyte homing at sites of inflammation. Participates in biosynthesis of the SELL ligand sialyl 6-sulfo Lewis X and in lymphocyte homing to Peyer pat [...] ,stringdb:9606.ENSP00000307911,stringdb,protein,CHST2,MSRSPQRALPPGALPRLLQAAPAAAPRALLPQWPRRPGRRWPASPLGMKVFRRKALVLCAGYALLLVLTMLNLLDYKWHKEPLQQCNPDGPLGAAAGAAGGSWGRPGPPPAGPPRAHARLDLRTPYRPPAAAVGAAPAAAAGMAGVAAPPGNGTRGTGGVGDKRQLVYVFTTWRSGSSFFGELFNQNPEVFFLYEPVWHVWQKLYPGDAVSLQGAARDMLSALYRCDLSVFQLYSPAGSGGRNLTTLGIFGAATNKVVCSSPLCPAYRKEVVGLVDDRVCKKCPPQRLARFEEECRKYRTLVIKGVRVFDVAVLAPLLRDPALDLKVIHLVRDPRAVASSRIRSRHGLIRESLQVVRSRDPRAHRMPFLEAAGHKLGAKKEGVGGPADYHALGAMEVICNSMAKTLQTALQPPDWLQGHYLVVRYEDLVGDPVKTLRRVYDFVGLLVSPEMEQFALNMTSGSGSSSKPFVVSARNATQAANAWRTALTFQQIKQVEEFCYQPMAVLGYERVNSPEEVKDLSKTLLRKPRL,Homo sapiens
189790,9606.ENSP00000273814,9606.ENSP00000273814,False,DGKQ_HUMAN,"rgb(117,239,179)",DGKQ,,9606.ENSP00000273814,Diacylglycerol kinase theta; Phosphorylates diacylglycerol (DAG) to generate phosphatidic acid (PA). May regulate the activity of protein kinase C by controlling the balance between these two signaling lipids. Activated in the nucleus in response to alpha-thrombin and nerve growth factor (By similarity). May be involved in cAMP-induced activation of NR5A1 and subsequent steroidogenic gene transcription by delivering PA as ligand for NR5A1. Acts synergistically with NR5A1 on CYP17 transcriptional activity.,stringdb:9606.ENSP00000273814,stringdb,protein,DGKQ,MAAAAEPGARAWLGGGSPRPGSPACSPVLGSGGRARPGPGPGPGPERAGVRAPGPAAAPGHSFRKVTLTKPTFCHLCSDFIWGLAGFLCDVCNFMSHEKCLKHVRIPCTSVAPSLVRVPVAHCFGPRGLHKRKFCAVCRKVLEAPALHCEVCELHLHPDCVPFACSDCRQCHQDGHQDHDTHHHHWREGNLPSGARCEVCRKTCGSSDVLAGVRCEWCGVQAHSLCSAALAPECGFGRLRSLVLPPACVRLLPGGFSKTQSFRIVEAAEPGEGGDGADGSAAVGPGRETQATPESGKQTLKIFDGDDAVRRSQFRLVTVSRLAGAEEVLEAALRAHHIPEDPGHLELCRLPPSSQACDAWAGGKAGSAVISEEGRSPGSGEATPEAWVIRALPRAQEVLKIYPGWLKVGVAYVSVRVTPKSTARSVVLEVLPLLGRQAESPESFQLVEVAMGCRHVQRTMLMDEQPLLDRLQDIRQMSVRQVSQTRFYVAESRDVAPHVSLFVGGLPPGLSPEEYSSLLHEAGATKATVVSVSHIYSSQGAVVLDVACFAEAERLYMLLKDMAVRGRLLTALVLPDLLHAKLPPDSCPLLVFVNPKSGGLKGRDLLCSFRKLLNPHQVFDLTNGGPLPGLHLFSQVPCFRVLVCGGDGTVGWVLGALEETRYRLACPEPSVAILPLGTGNDLGRVLRWGAGYSGEDPFSVLLSVDEADAVLMDRWTILLDAHEAGSAENDTADAEPPKIVQMSNYCGIGIDAELSLDFHQAREEEPGKFTSRLHNKGVYVRVGLQKISHSRSLHKQIRLQVERQEVELPSIEGLIFINIPSWGSGADLWGSDSDTRFEKPRMDDGLLEVVGVTGVVHMGQVQGGLRSGIRIAQGSYFRVTLLKATPVQVDGEPWVQAPGHMIISAAGPKVHMLRKAKQKPRRAGTTRDARADAAPAPESDPR,Homo sapiens
190303,9606.ENSP00000494321,9606.ENSP00000494321,False,ABCC8_HUMAN,"rgb(117,154,239)",ABCC8,,9606.ENSP00000494321,ATP-binding cassette sub-family C member 8; Subunit of the beta-cell ATP-sensitive potassium channel (KATP). Regulator of ATP-sensitive K(+) channels and insulin release. Belongs to the ABC transporter superfamily. ABCC family. Conjugate transporter (TC 3.A.1.208) subfamily.,stringdb:9606.ENSP00000494321,stringdb,protein,ABCC8,MPLAFCGSENHSAAYRVDQGVLNNGCFVDALNVVPHVFLLFITFPILFIGWGSQSSKVHIHHSTWLHFPGHNLRWILTFMLLFVLVCEIAEGILSDGVTESHHLHLYMPAGMAFMAAVTSVVYYHNIETSNFPKLLIALLVYWTLAFITKTIKFVKFLDHAIGFSQLRFCLTGLLVILYGMLLLVEVNVIRVRRYIFFKTPREVKPPEDLQDLGVRFLQPFVNLLSKGTYWWMNAFIKTAHKKPIDLRAIGKLPIAMRALTNYQRLCEAFDAQVRKDIQGTQGARAIWQALSHAFGRRLVLSSTFRILADLLGFAGPLCIFGIVDHLGKENDVFQPKTQFLGVYFVSSQEFLANAYVLAVLLFLALLLQRTFLQASYYVAIETGINLRGAIQTKIYNKIMHLSTSNLSMGEMTAGQICNLVAIDTNQLMWFFFLCPNLWAMPVQIIVGVILLYYILGVSALIGAAVIILLAPVQYFVATKLSQAQRSTLEYSNERLKQTNEMLRGIKLLKLYAWENIFRTRVETTRRKEMTSLRAFAIYTSISIFMNTAIPIAAVLITFVGHVSFFKEADFSPSVAFASLSLFHILVTPLFLLSSVVRSTVKALVSVQKLSEFLSSAEIREEQCAPHEPTPQGPASKYQAVEEGLPSLHSSQPSGSSPPNHPQPLRVVNRKRPAREDCRGLTGPLQSLVPSADGDADNCCVQIMGGYFTWTPDGIPTLSNITIRIPRGQLTMIVGQVGCGKSSLLLAALGEMQKVSGAVFWSSLPDSEIGEDPSPERETATDLDIRKRGPVAYASQKPWLLNATVEENIIFESPFNKQRYKMVIEACSLQPDIDILPHGDQTQIGERGINLSGGQRQRISVARALYQHANVVFLDDPFSALDIHLSDHLMQAGILELLRDDKRTVVLVTHKLQYLPHADWIIAMKDGTIQREGTLKDFQRSECQLFEHWKTLMNRQDQELEKETVTERKATEPPQGLSRAMSSRDGLLQDEEEEEEEAAESEEDDNLSSMLHQRAEIPWRACAKYLSSAGILLLSLLVFSQLLKHMVLVAIDYWLAKWTDSALTLTPAARNCSLSQECTLDQTVYAMVFTVLCSLGIVLCLVTSVTVEWTGLKVAKRLHRSLLNRIILAPMRFFETTPLGSILNRFSSDCNTIDQHIPSTLECLSRSTLLCVSALAVISYVTPVFLVALLPLAIVCYFIQKYFRVASRDLQQLDDTTQLPLLSHFAETVEGLTTIRAFRYEARFQQKLLEYTDSNNIASLFLTAANRWLEVRMEYIGACVVLIAAVTSISNSLHRELSAGLVGLGLTYALMVSNYLNWMVRNLADMELQLGAVKRIHGLLKTEAESYEGLLAPSLIPKNWPDQGKIQIQNLSVRYDSSLKPVLKHVNALIAPGQKIGICGRTGSGKSSFSLAFFRMVDTFEGHIIIDGIDIAKLPLHTLRSRLSIILQDPVLFSGTIRFNLDPERKCSDSTLWEALEIAQLKLVVKALPGGLDAIITEGGENFSQGQRQLFCLARAFVRKTSIFIMDEATASIDMATENILQKVVMTAFADRTVVTIAHRVHTILSADLVIVLKRGAILEFDKPEKLLSRKDSVFASFVRADK,Homo sapiens
190300,9606.ENSP00000219611,9606.ENSP00000219611,False,CAN15_HUMAN,"rgb(187,255,101)",CAPN15,,9606.ENSP00000219611,Calpain-15; Calpain 15; Belongs to the peptidase C2 family.,stringdb:9606.ENSP00000219611,stringdb,protein,CAPN15,MATVGEWSCVRCTFLNPAGQRQCSICEAPRHKPDLNHILRLSVEEQKWPCARCTFRNFLGKEACEVCGFTPEPAPGAAFLPVLNGVLPKPPAILGEPKGSCQEEAGPVRTAGLVATEPARGQCEDKDEEEKEEQEEEEGAAEPRGGWACPRCTLHNTPVASSCSVCGGPRRLSLPRIPPEALVVPEVVAPAGFHVVPAAPPPGLPGEGAEANPPATSQGPAAEPEPPRVPPFSPFSSTLQNNPVPRSRREVPPQLQPPVPEAAQPSPSAGCRGAPQGSGWAGASRLAELLSGKRLSVLEEEATEGGTSRVEAGSSTSGSDIIDLAGDTVRYTPASPSSPDFTTWSCAKCTLRNPTVAPRCSACGCSKLHGFQEHGEPPTHCPDCGADKPSPCGRSCGRVSSAQKAARVLPERPGQWACPACTLLNALRAKHCAACHTPQLLVAQRRGAAPLRRRESMHVEQRRQTDEGEAKALWENIVAFCRENNVSFVDDSFPPGPESVGFPAGDSVQQRVRQWLRPQEINCSVFRDHRATWSVFHTLRPSDILQGLLGNCWFLSALAVLAERPDLVERVMVTRSLCAEGAYQVRLCKDGTWTTVLVDDMLPCDEAGCLLFSQAQRKQLWVALIEKALAKLHGSYFALQAGRAIEGLATLTGAPCESLALQLSSTNPREEPVDTDLIWAKMLSSKEAGFLMGASCGGGNMKVDDSAYESLGLRPRHAYSILDVRDVQGTRLLRLRNPWGRFSWNGSWSDEWPHWPGHLRGELMPHGSSEGVFWMEYGDFVRYFDSVDICKVHSDWQEARVQGCFPSSASAPVGVTALTVLERASLEFALFQEGSRRSDAVDSHLLDLCILVFRATFGSGGHLSLGRLLAHSKRAVKKFVSCDVMLEPGEYAVVCCAFNHWGPPLPGTPAPQASSPSAGVPRASPEPPGHVLAVYSSRLVMVEPVEAQPTTLADAIILLTESRGERHEGREGMTCYYLTHGWAGLIVVVENRHPKAYLHVQCDCTDSFNVVSTRGSLRTQDSVPPLHRQVLVILSQLEGNAGFSITHRLAHRKAAQAFLSDWTASKGTHSPPLTPEVAGLHGPRPL,Homo sapiens
190306,9606.ENSP00000342676,9606.ENSP00000342676,False,AKIP_HUMAN,"rgb(239,146,117)",AURKAIP1,,9606.ENSP00000342676,"Aurora kinase A-interacting protein; May act as a negative regulator of Aurora-A kinase, by down- regulation through proteasome-dependent degradation.",stringdb:9606.ENSP00000342676,stringdb,protein,AURKAIP1,MLLGRLTSQLLRAVPWAGGRPPWPVSGVLGSRVCGPLYSTSPAGPGRAASLPRKGAQLELEEMLVPRKMSVSPLESWLTARCFLPRLDTGTAGTVAPPQSYQCPPSQIGEGAEQGDEGVADAPQIQCKNVLKIRRRKMNHHKYRKLVKKTRFLRRKVQEGRLRRKQIKFEKDLRRIWLKAGLKEAPEGWQTPKIYLRGK,Homo sapiens
190051,9606.ENSP00000352167,9606.ENSP00000352167,False,MCATL_HUMAN,"rgb(117,117,239)",SLC25A29,,9606.ENSP00000352167,"Mitochondrial basic amino acids transporter; Transports arginine, lysine, homoarginine, methylarginine and, to a much lesser extent, ornithine and histidine. Can restore ornithine transport in cells lacking the primary mitochondrial ornithine transporter SLC25A15. Does not transport carnitine nor acylcarnitines. Functions by both counter-exchange and uniport mechanisms ; Belongs to the mitochondrial carrier (TC 2.A.29) family.",stringdb:9606.ENSP00000352167,stringdb,protein,SLC25A29,MALDFLAGCAGGVAGVLVGHPFDTVKVRLQVQSVEKPQYRGTLHCFKSIIKQESVLGLYKGLGSPLMGLTFINALVFGVQGNTLRALGHDSPLNQFLAGAAAGAIQCVICCPMELAKTRLQLQDAGPARTYKGSLDCLAQIYGHEGLRGVNRGMVSTLLRETPSFGVYFLTYDALTRALGCEPGDRLLVPKLLLAGGTSGIVSWLSTYPVDVVKSRLQADGLRGAPRYRGILDCVHQSYRAEGWRVFTRGLASTLLRAFPVNAATFATVTVVLTYARGEEAGPEGEAVPAAPAGPALAQPSSL,Homo sapiens
189793,9606.ENSP00000479153,9606.ENSP00000479153,False,EHD1_HUMAN,"rgb(239,190,117)",EHD1,,9606.ENSP00000479153,"EH domain-containing protein 1; ATP- and membrane-binding protein that controls membrane reorganization/tubulation upon ATP hydrolysis. In vitro causes vesiculation of endocytic membranes. Acts in early endocytic membrane fusion and membrane trafficking of recycling endosomes. Recruited to endosomal membranes upon nerve growth factor stimulation, indirectly regulates neurite outgrowth (By similarity). Plays a role in myoblast fusion (By similarity). Involved in the unidirectional retrograde dendritic transport of endocytosed BACE1 and in efficient sorting of BACE1 to axons implicating  [...] ",stringdb:9606.ENSP00000479153,stringdb,protein,EHD1,MEQPGTAASPVSGSMFSWVSKDARRKKEPELFQTVAEGLRQLYAQKLLPLEEHYRFHEFHSPALEDADFDNKPMVLLVGQYSTGKTTFIRHLIEQDFPGMRIGPEPTTDSFIAVMHGPTEGVVPGNALVVDPRRPFRKLNAFGNAFLNRFMCAQLPNPVLDSISIIDTPGILSGEKQRISRGYDFAAVLEWFAERVDRIILLFDAHKLDISDEFSEVIKALKNHEDKIRVVLNKADQIETQQLMRVYGALMWSLGKIINTPEVVRVYIGSFWSHPLLIPDNRKLFEAEEQDLFKDIQSLPRNAALRKLNDLIKRARLAKVHAYIISSLKKEMPNVFGKESKKKELVNNLGEIYQKIEREHQISPGDFPSLRKMQELLQTQDFSKFQALKPKLLDTVDDMLANDIARLMVMVRQEESLMPSQVVKGGAFDGTMNGPFGHGYGEGAGEGIDDVEWVVGKDKPTYDEIFYTLSPVNGKITGANAKKEMVKSKLPNTVLGKIWKLADVDKDGLLDDEEFALANHLIKVKLEGHELPADLPPHLVPPSKRRHE,Homo sapiens
190054,9606.ENSP00000411124,9606.ENSP00000411124,False,BEGIN_HUMAN,"rgb(175,239,117)",BEGAIN,,9606.ENSP00000411124,Brain-enriched guanylate kinase-associated protein; May sustain the structure of the postsynaptic density (PSD).,stringdb:9606.ENSP00000411124,stringdb,protein,BEGAIN,MEKLSALQEQKGELRKRLSYTTHKLEKLETEFDSTRHYLEIELRRAQEELEKVTEKLRRIQSNYMALQRINQELEDKLYRMGQHYEEEKRALSHEIVALNSHLLEAKVTIDKLSEDNELYRKDCNLAAQLLQCSQTYGRVHKVSELPSDFQERVSLHMEKHGCSLPSPLCHPAYADSVPTCVIAKVLEKPDPASLSSRLSDASARDLAFCDGVEKPGPRPPYKGDIYCSDTALYCPEERRRDRRPSVDAPVTDVGFLRAQNSTDSAAEEEEEAEAAAFPAGFQHEAFPSYAGSLPTSSSYSSFSATSEEKEHAQASTLTASQQAIYLNSRDELFDRKPPATTYEGSPRFAKATAAVAAPLEAEVAPGFGRTMSPYPAETFRFPASPGPQQALMPPNLWSLRAKPGTARLPGEDMRGQWRPLSVEDIGAYSYPVSAAGRASPCSFSERYYGGAGGSPGKKADGRASPLYASYKADSFSEGDDLSQGHLAEPCFLRAGGDLSLSPGRSADPLPGYAPSEGGDGDRLGVQLCGTASSPEPEQGSRDSLEPSSMEASPEMHPAARLSPQQAFPRTGGSGLSRKDSLTKAQLYGTLLN,Homo sapiens
189799,9606.ENSP00000342793,9606.ENSP00000342793,False,PLD1_HUMAN,"rgb(117,239,193)",PLD1,,9606.ENSP00000342793,"Phospholipase D1; Implicated as a critical step in numerous cellular pathways, including signal transduction, membrane trafficking, and the regulation of mitosis. May be involved in the regulation of perinuclear intravesicular membrane traffic (By similarity).",stringdb:9606.ENSP00000342793,stringdb,protein,PLD1,MSLKNEPRVNTSALQKIAADMSNIIENLDTRELHFEGEEVDYDVSPSDPKIQEVYIPFSAIYNTQGFKEPNIQTYLSGCPIKAQVLEVERFTSTTRVPSINLYTIELTHGEFKWQVKRKFKHFQEFHRELLKYKAFIRIPIPTRRHTFRRQNVREEPREMPSLPRSSENMIREEQFLGRRKQLEDYLTKILKMPMYRNYHATTEFLDISQLSFIHDLGPKGIEGMIMKRSGGHRIPGLNCCGQGRACYRWSKRWLIVKDSFLLYMKPDSGAIAFVLLVDKEFKIKVGKKETETKYGIRIDNLSRTLILKCNSYRHARWWGGAIEEFIQKHGTNFLKDHRFGSYAAIQENALAKWYVNAKGYFEDVANAMEEANEEIFITDWWLSPEIFLKRPVVEGNRWRLDCILKRKAQQGVRIFIMLYKEVELALGINSEYTKRTLMRLHPNIKVMRHPDHVSSTVYLWAHHEKLVIIDQSVAFVGGIDLAYGRWDDNEHRLTDVGSVKRVTSGPSLGSLPPAAMESMESLRLKDKNEPVQNLPIQKSIDDVDSKLKGIGKPRKFSKFSLYKQLHRHHLHDADSISSIDSTSSYFNHYRSHHNLIHGLKPHFKLFHPSSESEQGLTRPHADTGSIRSLQTGVGELHGETRFWHGKDYCNFVFKDWVQLDKPFADFIDRYSTPRMPWHDIASAVHGKAARDVARHFIQRWNFTKIMKSKYRSLSYPFLLPKSQTTAHELRYQVPGSVHANVQLLRSAADWSAGIKYHEESIHAAYVHVIENSRHYIYIENQFFISCADDKVVFNKIGDAIAQRILKAHRENQKYRVYVVIPLLPGFEGDISTGGGNALQAIMHFNYRTMCRGENSILGQLKAELGNQWINYISFCGLRTHAELEGNLVTELIYVHSKLLIADDNTVIIGSANINDRSMLGKRDSEMAVIVQDTETVPSVMDGKEYQAGRFARGLRLQCFRVVLGYLDDPSEDIQDPVSDKFFKEVWVSTAARNATIYDKVFRCLPNDEVHNLIQLRDFINKPVLAKEDPIRAEEELKKIRGFLVQFPFYFLSEESLLPSVGTKEAIVPMEVWT,Homo sapiens
190309,9606.ENSP00000297508,9606.ENSP00000297508,False,MILK2_HUMAN,"rgb(165,239,117)",MICALL2,,9606.ENSP00000297508,"MICAL-like protein 2; Effector of small Rab GTPases which is involved in junctional complexes assembly through the regulation of cell adhesion molecules transport to the plasma membrane and actin cytoskeleton reorganization. Regulates the endocytic recycling of occludins, claudins and E-cadherin to the plasma membrane and may thereby regulate the establishment of tight junctions and adherens junctions. In parallel, may regulate actin cytoskeleton reorganization directly through interaction with F-actin or indirectly through actinins and filamins. Most probably involved in the processes [...] ",stringdb:9606.ENSP00000297508,stringdb,protein,MICALL2,MAAIRALQQWCRQQCEGYRDVNICNMTTSFRDGLAFCAILHRHRPDLINFSALKKENIYENNKLAFRVAEEHLGIPALLDAEDMVALKVPDRLSILTYVSQYYNYFHGRSPIGGMAGVKRASEDSEEEPSGKKAPVQAAKLPSPAPARKPPLSPAQTNPVVQRRNEGAGGPPPKTDQALAGSLVSSTCGVCGKHVHLVQRHLADGRLYHRSCFRCKQCSCTLHSGAYKATGEPGTFVCTSHLPAAASASPKLTGLVPRQPGAMGVDSRTSCSPQKAQEANKARPSAWEPAAGNSPARASVPAAPNPAATSATSVHVRSPARPSESRLAPTPTEGKVRPRVTNSSPMGWSSAAPCTAAAASHPAVPPSAPDPRPATPQGGGAPRVAAPQTTLSSSSTSAATVDPPAWTPSASRTQQARNKFFQTSAVPPGTSLSGRGPTPSLVLSKDSSKEQARNFLKQALSALEEAGAPAPGRPSPATAAVPSSQPKTEAPQASPLAKPLQSSSPRVLGLPSRMEPPAPLSTSSTSQASALPPAGRRNLAESSGVGRVGAGSRPKPEAPMAKGKSTTLTQDMSTSLQEGQEDGPAGWRANLKPVDRRSPAERTLKPKEPRALAEPRAGEAPRKVSGSFAGSVHITLTPVRPDRTPRPASPGPSLPARSPSPPRRRRLAVPASLDVCDNWLRPEPPGQEARVQSWKEEEKKPHLQGKPGRPLSPANVPALPGETVTSPVRLHPDYLSPEEIQRQLQDIERRLDALELRGVELEKRLRAAEGDDAEDSLMVDWFWLIHEKQLLLRQESELMYKSKAQRLEEQQLDIEGELRRLMAKPEALKSLQERRREQELLEQYVSTVNDRSDIVDSLDEDRLREQEEDQMLRDMIEKLGLQRKKSKFRLSKIWSPKSKSSPSQ,Homo sapiens
190315,9606.ENSP00000364150,9606.ENSP00000364150,False,GLT12_HUMAN,"rgb(121,239,117)",GALNT12,,9606.ENSP00000364150,"Polypeptide N-acetylgalactosaminyltransferase 12; Catalyzes the initial reaction in O-linked oligosaccharide biosynthesis, the transfer of an N-acetyl-D-galactosamine residue to a serine or threonine residue on the protein receptor. Has activity toward non-glycosylated peptides such as Muc5AC, Muc1a and EA2, and no detectable activity with Muc2 and Muc7. Displays enzymatic activity toward the Gal-NAc-Muc5AC glycopeptide, but no detectable activity to mono-GalNAc-glycosylated Muc1a, Muc2, Muc7 and EA2. May play an important role in the initial step of mucin-type oligosaccharide biosynth [...] ",stringdb:9606.ENSP00000364150,stringdb,protein,GALNT12,MWGRTARRRCPRELRRGREALLVLLALLALAGLGSVLRAQRGAGAGAAEPGPPRTPRPGRREPVMPRPPVPANALGARGEAVRLQLQGEELRLQEESVRLHQINIYLSDRISLHRRLPERWNPLCKEKKYDYDNLPRTSVIIAFYNEAWSTLLRTVYSVLETSPDILLEEVILVDDYSDREHLKERLANELSGLPKVRLIRANKREGLVRARLLGASAARGDVLTFLDCHCECHEGWLEPLLQRIHEEESAVVCPVIDVIDWNTFEYLGNSGEPQIGGFDWRLVFTWHTVPERERIRMQSPVDVIRSPTMAGGLFAVSKKYFEYLGSYDTGMEVWGGENLEFSFRIWQCGGVLETHPCSHVGHVFPKQAPYSRNKALANSVRAAEVWMDEFKELYYHRNPRARLEPFGDVTERKQLRDKLQCKDFKWFLETVYPELHVPEDRPGFFGMLQNKGLTDYCFDYNPPDENQIVGHQVILYLCHGMGQNQFFEYTSQKEIRYNTHQPEGCIAVEAGMDTLIMHLCEETAPENQKFILQEDGSLFHEQSKKCVQAARKESSDSFVPLLRDCTNSDHQKWFFKERML,Homo sapiens
190312,9606.ENSP00000349238,9606.ENSP00000349238,False,CC88B_HUMAN,"rgb(239,193,117)",CCDC88B,,9606.ENSP00000349238,"Coiled-coil domain-containing protein 88B; Acts as a positive regulator of T-cell maturation and inflammatory function. Required for several functions of T-cells, in both the CD4(+) and the CD8(+) compartments and this includes expression of cell surface markers of activation, proliferation, and cytokine production in response to specific or non-specific stimulation (By similarity). Enhances NK cell cytotoxicity by positively regulating polarization of microtubule-organizing center (MTOC) to cytotoxic synapse, lytic granule transport along microtubules, and dynein- mediated clustering  [...] ",stringdb:9606.ENSP00000349238,stringdb,protein,CCDC88B,MEGGKGPRLRDFLSGSLATWALGLAGLVGEAEDSEGEEEEEEEEPPLWLEKRFLRLSDGALLLRVLGIIAPSSRGGPRMLRGLDGPAAWRVWNLNHLWGRLRDFYQEELQLLILSPPPDLQTLGFDPLSEEAVEQLEGVLRLLLGASVQCEHRELFIRHIQGLSLEVQSELAAAIQEVTQPGAGVVLALSGPDPGELAPAELEMLSRSLMGTLSKLARERDLGAQRLAELLLEREPLCLRPEAPSRAPAEGPSHHLALQLANAKAQLRRLRQELEEKAELLLDSQAEVQGLEAEIRRLRQEAQALSGQAKRAELYREEAEALRERAGRLPRLQEELRRCRERLQAAEAYKSQLEEERVLSGVLEASKALLEEQLEAARERCARLHETQRENLLLRTRLGEAHAELDSLRHQVDQLAEENVELELELQRSLEPPPGSPGEAPLAGAAPSLQDEVREAEAGRLRTLERENRELRGLLQVLQGQPGGQHPLLEAPREDPVLPVLEEAPQTPVAFDHSPQGLVQKARDGGPQALDLAPPALDSVLEASAECPQAPDSDPQEAESPLQAAAMDPQASDWSPQESGSPVETQESPEKAGRRSSLQSPASVAPPQGPGTKIQAPQLLGGETEGREAPQGELVPEAWGLRQEGPEHKPGPSEPSSVQLEEQEGPNQGLDLATGQAEAREHDQRLEGTVRDPAWQKPQQKSEGALEVQVWEGPIPGESLASGVAEQEALREEVAQLRRKAEALGDELEAQARKLEAQNTEAARLSKELAQARRAEAEAHREAEAQAWEQARLREAVEAAGQELESASQEREALVEALAAAGRERRQWEREGSRLRAQSEAAEERMQVLESEGRQHLEEAERERREKEALQAELEKAVVRGKELGDRLEHLQRELEQAALERQEFLREKESQHQRYQGLEQRLEAELQAAATSKEEALMELKTRALQLEEELFQLRQGPAGLGPKKRAEPQLVETQNVRLIEVERSNAMLVAEKAALQGQLQHLEGQLGSLQGRAQELLLQSQRAQEHSSRLQAEKSVLEIQGQELHRKLEVLEEEVRAARQSQEETRGQQQALLRDHKALAQLQRRQEAELEGLLVRHRDLKANMRALELAHRELQGRHEQLQAQRASVEAQEVALLAERERLMQDGHRQRGLEEELRRLQSEHDRAQMLLAELSRERGELQGERGELRGRLARLELERAQLEMQSQQLRESNQQLDLSACRLTTQCELLTQLRSAQEEENRQLLAEVQALSRENRELLERSLESRDHLHREQREYLDQLNALRREKQKLVEKIMDQYRVLEPVPLPRTKKGSWLADKVKRLMRPRREGGPPGGLRLGADGAGSTESLGGPPETELPEGREADGTGSPSPAPMRRAQSSLCLRDETLAGGQRRKLSSRFPVGRSSESFSPGDTPRQRFRQRHPGPLGAPVSHSKGPGVGWENSAETLQEHETDANREGPEVQEPEKRPLTPSLSQ,Homo sapiens
190318,9606.ENSP00000480313,9606.ENSP00000480313,False,GAL3B_HUMAN,"rgb(239,234,117)",GATD3B,,9606.ENSP00000480313,"Glutamine amidotransferase-like class 1 domain-containing protein 3B, mitochondrial; Glutamine amidotransferase like class 1 domain containing 3B; Belongs to the GATD3 family.",stringdb:9606.ENSP00000480313,stringdb,protein,ENSG00000280071,MAAVRALVASRLAAASAFTSLSPGGRTPSQRAALHLSVPRPAARVALVLSGCGVYDGTEIHEASAILVHLSRGGAEVQIFAPDVPQMHVIDHTKGQPSEGESRNVLTESARIARGKITDLANLSAANHDAAIFPGGFGAAKNLSTFAVDGKDCKVNKEVERVLKEFHQAGKPIGLCCIAPVLAAKVLRGVEVTVGHEQEEGGKWPYAGTAEAIKALGAKHCVKEVVEAHVDQKNKVVTTPAFMCETALHYIHDGIGAMVRKVLELTGK,Homo sapiens
190066,9606.ENSP00000355760,9606.ENSP00000355760,False,DACT2_HUMAN,"rgb(117,172,239)",DACT2,,9606.ENSP00000355760,"Dapper homolog 2; Involved in regulation of intracellular signaling pathways during development. Negatively regulates the Nodal signaling pathway, possibly by promoting the lysosomal degradation of Nodal receptors, such as TGFBR1. May be involved in control of the morphogenetic behavior of kidney ureteric bud cells by keeping cells epithelial and restraining their mesenchymal character. May play an inhibitory role in the re-epithelialization of skin wounds by attenuating TGF-beta signaling (By similarity); Belongs to the dapper family.",stringdb:9606.ENSP00000355760,stringdb,protein,DACT2,MWTPGGPPGSAGWDRRRLGARLRAAFAGLQELQGLRATQQERVRGALALQPPPAPAAPCGPHGLHGPEQQLEAALAALQEQLSRLRQQDIGLKTHLDQLDLQISKLQLDVGTASGEALDSDSRPSSGFYEMSDGGSCSLSTSCASVCSDHISPSLGSLLPVAQAHKARPSMGDWRPRSVDETTVPAWRPQATEEGARPPGSVEDAGQPWGTFWPRPVSTGDLDRALPADTGLQKASADAELLGLLCQGVDIPLHVPDPKYRQDLVSQGGREVYPYPSPLHAVALQSPLFVLTKETPQRGGPSFPRESPRGPAGLNTIQTGPVLEAGPARARAYIDRLLHLWGRETPAKGSEGEQGPLRHAASPSPQRQGGWSTDGGGRLLVFAPGREDEGGPAQSRGAGRGGPQQQGYMPLEGPQQSGSLPEEGSKPSNSCVLRETMVQASPSSKAQQTPSAQDYGRGNIISPSRMLDKSPSPASGHFAHPSFAASLKMGPPKSKAEKIKRSPMDKVLRFARQPLLLLDRPEGAHAAPQPSLEWDPAHWPTGRGGLQRRPALAWEAPGRSCSESTLYPMPVLVPLAVAPQESHRTSAQALFPFEASLLTSVARRKHRRWQSTVEISARARLASCPESNLGPPRPVARRAGGPLARGRPSLVRQDAYTRSDSEPSKHSAECDPRFPSVIPETSEGESSDHTTNRFGDRESSSSDEEGGAQSRDCDLALGYVAAGHAELAWTQEAPVSSGPLLSPVPKLCRIKASKALKKKIRRFQPTALKVMTMV,Homo sapiens
190321,9606.ENSP00000320886,9606.ENSP00000320886,False,MLXPL_HUMAN,"rgb(117,238,239)",MLXIPL,,9606.ENSP00000320886,Carbohydrate-responsive element-binding protein; Transcriptional repressor. Binds to the canonical and non- canonical E box sequences 5'-CACGTG-3' (By similarity).,stringdb:9606.ENSP00000320886,stringdb,protein,MLXIPL,MAGALAGLAAGLQVPRVAPSPDSDSDTDSEDPSLRRSAGGLLRSQVIHSGHFMVSSPHSDSLPRRRDQEGSVGPSDFGPRSIDPTLTRLFECLSLAYSGKLVSPKWKNFKGLKLLCRDKIRLNNAIWRAWYIQYVKRRKSPVCGFVTPLQGPEADAHRKPEAVVLEGNYWKRRIEVVMREYHKWRIYYKKRLRKPSREDDLLAPKQAEGRWPPPEQWCKQLFSSVVPVLLGDPEEEPGGRQLLDLNCFLSDISDTLFTMTQSGPSPLQLPPEDAYVGNADMIQPDLTPLQPSLDDFMDISDFFTNSRLPQPPMPSNFPEPPSFSPVVDSLFSSGTLGPEVPPASSAMTHLSGHSRLQARNSCPGPLDSSAFLSSDFLLPEDPKPRLPPPPVPPPLLHYPPPAKVPGLEPCPPPPFPPMAPPTALLQEEPLFSPRFPFPTVPPAPGVSPLPAPAAFPPTPQSVPSPAPTPFPIELLPLGYSEPAFGPCFSMPRGKPPAPSPRGQKASPPTLAPATASPPTTAGSNNPCLTQLLTAAKPEQALEPPLVSSTLLRSPGSPQETVPEFPCTFLPPTPAPTPPRPPPGPATLAPSRPLLVPKAERLSPPAPSGSERRLSGDLSSMPGPGTLSVRVSPPQPILSRGRPDSNKTENRRITHISAEQKRRFNIKLGFDTLHGLVSTLSAQPSLKVSKATTLQKTAEYILMLQQERAGLQEEAQQLRDEIEELNAAINLCQQQLPATGVPITHQRFDQMRDMFDDYVRTRTLHNWKFWVFSILIRPLFESFNGMVSTASVHTLRQTSLAWLDQYCSLPALRPTVLNSLRQLGTSTSILTDPGRIPEQATRAVTEGTLGKPL,Homo sapiens
189559,9606.ENSP00000467537,9606.ENSP00000467537,False,PTPRS_HUMAN,,PTPRS,,9606.ENSP00000467537,"Receptor-type tyrosine-protein phosphatase S; Cell surface receptor that binds to glycosaminoglycans, including chondroitin sulfate proteoglycans and heparan sulfate proteoglycan. Binding to chondroitin sulfate and heparan sulfate proteoglycans has opposite effects on PTPRS oligomerization and regulation of neurite outgrowth. Contributes to the inhibition of neurite and axonal outgrowth by chondroitin sulfate proteoglycans, also after nerve transection. Plays a role in stimulating neurite outgrowth in response to the heparan sulfate proteoglycan GPC2. Required for normal brain developm [...] ",stringdb:9606.ENSP00000467537,stringdb,protein,,MAPTWGPGMVSVVGPMGLLVVLLVGGCAAEEPPRFIKEPKDQIGVSGGVASFVCQATGDPKPRVTWNKKGKKVNSQRFETIEFDESAGAVLRIQPLRTPRDENVYECVAQNSVGEITVHAKLTVLREDQLPSGFPNIDMGPQLKVVERTRTATMLCAASGNPDPEITWFKDFLPVDPSASNGRIKQLRSETFESTPIRGALQIESSEETDQGKYECVATNSAGVRYSSPANLYVRELREVRRVAPRFSILPMSHEIMPGGNVNITCVAVGSPMPYVKWMQGAEDLTPEDDMPVGRNVLELTDVKDSANYTCVAMSSLGVIEAVAQITVKSLPKAPGTPMVTENTATSITITWDSGNPDPVSYYVIEYKSKSQDGPYQIKEDITTTRYSIGGLSPNSEYEIWVSAVNSIGQGPPSESVVTRTGEQAPASAPRNVQARMLSATTMIVQWEEPVEPNGLIRGYRVYYTMEPEHPVGNWQKHNVDDSLLTTVGSLLEDETYTVRVLAFTSVGDGPLSDPIQVKTQQGVPGQPMNLRAEARSETSITLSWSPPRQESIIKYELLFREGDHGREVGRTFDPTTSYVVEDLKPNTEYAFRLAARSPQGLGAFTPVVRQRTLQSKPSAPPQDVKCVSVRSTAILVSWRPPPPETHNGALVGYSVRYRPLGSEDPEPKEVNGIPPTTTQILLEALEKWTQYRITTVAHTEVGPGPESSPVVVRTDEDVPSAPPRKVEAEALNATAIRVLWRSPAPGRQHGQIRGYQVHYVRMEGAEARGPPRIKDVMLADAQWETDDTAEYEMVITNLQPETAYSITVAAYTMKGDGARSKPKVVVTKGAVLGRPTLSVQQTPEGSLLARWEPPAGTAEDQVLGYRLQFGREDSTPLATLEFPPSEDRYTASGVHKGATYVFRLAARSRGGLGEEAAEVLSIPEDTPRGHPQILEAAGNASAGTVLLRWLPPVPAERNGAIVKYTVAVREAGALGPARETELPAAAEPGAENALTLQGLKPDTAYDLQVRAHTRRGPGPFSPPVRYRTFLRDQVSPKNFKVKMIMKTSVLLSWEFPDNYNSPTPYKIQYNGLTLDVDGRTTKKLITHLKPHTFYNFVLTNRGSSLGGLQQTVTAWTAFNLLNGKPSVAPKPDADGFIMVYLPDGQSPVPVQSYFIVMVPLRKSRGGQFLTPLGSPEDMDLEELIQDISRLQRRSLRHSRQLEVPRPYIAARFSVLPPTFHPGDQKQYGGFDNRGLEPGHRYVLFVLAVLQKSEPTFAASPFSDPFQLDNPDPQPIVDGEEGLIWVIGPVLAVVFIICIVIAILLYKNKPDSKRKDSEPRTKCLLNNADLAPHHPKDPVEMRRINFQTPDSGLRSPLREPGFHFESMLSHPPIPIADMAEHTERLKANDSLKLSQEYESIDPGQQFTWEHSNLEVNKPKNRYANVIAYDHSRVILQPIEGIMGSDYINANYVDGYRCQNAYIATQGPLPETFGDFWRMVWEQRSATIVMMTRLEEKSRIKCDQYWPNRGTETYGFIQVTLLDTIELATFCVRTFSLHKNGSSEKREVRQFQFTAWPDHGVPEYPTPFLAFLRRVKTCNPPDAGPIVVHCSAGVGRTGCFIVIDAMLERIKPEKTVDVYGHVTLMRSQRNYMVQTEDQYSFIHEALLEAVGCGNTEVPARSLYAYIQKLAQVEPGEHVTGMELEFKRLANSKAHTSRFISANLPCNKFKNRLVNIMPYESTRVCLQPIRGVEGSDYINASFIDGYRQQKAYIATQGPLAETTEDFWRMLWENNSTIVVMLTKLREMGREKCHQYWPAERSARYQYFVVDPMAEYNMPQYILREFKVTDARDGQSRTVRQFQFTDWPEQGVPKSGEGFIDFIGQVHKTKEQFGQDGPISVHCSAGVGRTGVFITLSIVLERMRYEGVVDIFQTVKMLRTQRPAMVQTEDEYQFCYQAALEYLGSFDHYAT,Homo sapiens
190327,9606.ENSP00000379754,9606.ENSP00000379754,False,CC125_HUMAN,"rgb(239,204,117)",CCDC125,,9606.ENSP00000379754,Coiled-coil domain-containing protein 125; May be involved in the regulation of cell migration.,stringdb:9606.ENSP00000379754,stringdb,protein,CCDC125,MSKVARSSSESDVQLWETEEDDMTEGDLGYGLGRKPGGIYEIEFSHRSRKRSDGKNFSPPPFPRKGEERNEASFQYSKHKSQQDTFPQVSRISNYRRQSSTVDSNSELSNEELRQCLNETLEEVEMLKTELEASQRQLRGKEEALKILQSMAILGKATSHTQAVLQKTMEQNRSLEKEINALQWEIEFDHNRFKNIEESWIQKYDRLNCENAVLKENLKVKTEEIKMLKSDNAVLNQRYLEALAMLDIKQQKMAQENMCCDKSGFAEASGLELAVLGACLCHGPGGNPCSCARMAASTRKLLLQLKQELEILQKSKEEAYVMADAFRIAFEQQLMRKNDQALQLTQMDKMHKKATKWMNWKHLKEDGFPSPRSKKTFGQRLLGMLPSENSSKRMEDQDSPQEVLKMLIDLLNDKEEALAHQRKVSYMLARALEDKDTASNENKEKNPIKENFPFNNPWRKTSEFSVLGDPIHSSVCILNSVGCICSIQHSQIDPNYRTLKRSHSLPSSIIF,Homo sapiens
189556,9606.ENSP00000043402,9606.ENSP00000043402,False,RTN4R_HUMAN,"rgb(117,239,186)",RTN4R,,9606.ENSP00000043402,"Reticulon-4 receptor; Receptor for RTN4, OMG and MAG. Functions as receptor for the sialylated gangliosides GT1b and GM1. Besides, functions as receptor for chondroitin sulfate proteoglycans (By similarity). Can also bind heparin (By similarity). Intracellular signaling cascades are triggered via the coreceptor NGFR. Signaling mediates activation of Rho and downstream reorganization of the actin cytoskeleton. Mediates axonal growth inhibition. Plays a role in regulating axon regeneration and neuronal plasticity in the adult central nervous system. Plays a role in postnatal brain develo [...] ",stringdb:9606.ENSP00000043402,stringdb,protein,RTN4R,MKRASAGGSRLLAWVLWLQAWQVAAPCPGACVCYNEPKVTTSCPQQGLQAVPVGIPAASQRIFLHGNRISHVPAASFRACRNLTILWLHSNVLARIDAAAFTGLALLEQLDLSDNAQLRSVDPATFHGLGRLHTLHLDRCGLQELGPGLFRGLAALQYLYLQDNALQALPDDTFRDLGNLTHLFLHGNRISSVPERAFRGLHSLDRLLLHQNRVAHVHPHAFRDLGRLMTLYLFANNLSALPTEALAPLRALQYLRLNDNPWVCDCRARPLWAWLQKFRGSSSEVPCSLPQRLAGRDLKRLAANDLQGCAVATGPYHPIWTGRATDEEPLGLPKCCQPDAADKASVLEPGRPASAGNALKGRVPPGDSPPGNGSGPRHINDSPFGTLPGSAEPPLTAVRPEGSEPPGFPTSGPRRRPGCSRKNRTRSHCRLGQAGSGGGGTGDSEGSGALPSLTCSLTPLGLALVLWTVLGPC,Homo sapiens
190324,9606.ENSP00000370826,9606.ENSP00000370826,False,HAIR_HUMAN,"rgb(117,239,135)",HR,,9606.ENSP00000370826,"Lysine-specific demethylase hairless; Histone demethylase that specifically demethylates both mono- and dimethylated 'Lys-9' of histone H3. May act as a transcription regulator controlling hair biology (via targeting of collagens), neural activity, and cell cycle.",stringdb:9606.ENSP00000370826,stringdb,protein,HR,MESTPSFLKGTPTWEKTAPENGIVRQEPGSPPRDGLHHGPLCLGEPAPFWRGVLSTPDSWLPPGFPQGPKDMLPLVEGEGPQNGERKVNWLGSKEGLRWKEAMLTHPLAFCGPACPPRCGPLMPEHSGGHLKSDPVAFRPWHCPFLLETKILERAPFWVPTCLPPYLVSGLPPEHPCDWPLTPHPWVYSGGQPKVPSAFSLGSKGFYYKDPSIPRLAKEPLAAAEPGLFGLNSGGHLQRAGEAERPSLHQRDGEMGAGRQQNPCPLFLGQPDTVPWTSWPACPPGLVHTLGNVWAGPGDGNLGYQLGPPATPRCPSPEPPVTQRGCCSSYPPTKGGGLGPCGKCQEGLEGGASGASEPSEEVNKASGPRACPPSHHTKLKKTWLTRHSEQFECPRGCPEVEERPVARLRALKRAGSPEVQGAMGSPAPKRPPDPFPGTAEQGAGGWQEVRDTSIGNKDVDSGQHDEQKGPQDGQASLQDPGLQDIPCLALPAKLAQCQSCAQAAGEGGGHACHSQQVRRSPLGGELQQEEDTATNSSSEEGPGSGPDSRLSTGLAKHLLSGLGDRLCRLLRREREALAWAQREGQGPAVTEDSPGIPRCCSRCHHGLFNTHWRCPRCSHRLCVACGRVAGTGRAREKAGFQEQSAEECTQEAGHAACSLMLTQFVSSQALAELSTAMHQVWVKFDIRGHCPCQADARVWAPGDAGQQKESTQKTPPTPQPSCNGDTHRTKSIKEETPDSAETPAEDRAGRGPLPCPSLCELLASTAVKLCLGHERIHMAFAPVTPALPSDDRITNILDSIIAQVVERKIQEKALGPGLRAGPGLRKGLGLPLSPVRPRLPPPGALLWLQEPQPCPRRGFHLFQEHWRQGQPVLVSGIQRTLQGNLWGTEALGALGGQVQALSPLGPPQPSSLGSTTFWEGFSWPELRPKSDEGSVLLLHRALGDEDTSRVENLAASLPLPEYCALHGKLNLASYLPPGLALRPLEPQLWAAYGVSPHRGHLGTKNLCVEVADLVSILVHADTPLPAWHRAQKDFLSGLDGEGLWSPGSQVSTVWHVFRAQDAQRIRRFLQMVCPAGAGALEPGAPGSCYLDAGLRRRLREEWGVSCWTLLQAPGEAVLVPAGAPHQVQGLVSTVSVTQHFLSPETSALSAQLCHQGPSLPPDCHLLYAQMDWAVFQAVKVAVGTLQEAK,Homo sapiens
190330,9606.ENSP00000262315,9606.ENSP00000262315,False,CTF18_HUMAN,"rgb(117,187,239)",CHTF18,,9606.ENSP00000262315,"Chromosome transmission fidelity protein 18 homolog; Chromosome cohesion factor involved in sister chromatid cohesion and fidelity of chromosome transmission. Component of one of the cell nuclear antigen loader complexes, CTF18-replication factor C (CTF18-RFC), which consists of CTF18, CTF8, DCC1, RFC2, RFC3, RFC4 and RFC5. The CTF18-RFC complex binds to single-stranded and primed DNAs and has weak ATPase activity that is stimulated by the presence of primed DNA, replication protein A (RPA) and by proliferating cell nuclear antigen (PCNA). The CTF18-RFC complex catalyzes the ATP- depen [...] ",stringdb:9606.ENSP00000262315,stringdb,protein,CHTF18,MEDYEQELCGVEDDFHNQFAAELEVLAELEGASTPSPSGVPLFTAGRPPRTFEEALARGDAASSPAPAASVGSSQGGARKRQVDADLQPAGSLPHAPRIKRPRLQVVKRLNFRSEEMEEPPPPDSSPTDITPPPSPEDLAELWGHGVSEAAADVGLTRASPAARNPVLRRPPILEDYVHVTSTEGVRAYLVLRADPMAPGVQGSLLHVPWRGGGQLDLLGVSLASLKKQVDGERRERLLQEAQKLSDTLHSLRSGEEEAAQPLGAPEEEPTDGQDASSHCLWVDEFAPRHYTELLSDDFTNRCLLKWLKLWDLVVFGHERPSRKPRPSVEPARVSKEATAPGKWKSHEQVLEEMLEAGLDPSQRPKQKVALLCGPPGLGKTTLAHVIARHAGYSVVEMNASDDRSPEVFRTRIEAATQMESVLGAGGKPNCLVIDEIDGAPVAAINVLLSILNRKGPQEVGPQGPAVPSGGGRRRRAEGGLLMRPIICICNDQFAPSLRQLKQQAFLLHFPPTLPSRLVQRLQEVSLRQGMRADPGVLAALCEKTDNDIRACINTLQFLYSRGQRELSVRDVQATRVGLKDQRRGLFSVWQEVFQLPRAQRRRVGQDPALPADTLLLGDGDAGSLTSASQRFYRVLHAAASAGEHEKVVQGLFDNFLRLRLRDSSLGAVCVALDWLAFDDLLAGAAHHSQSFQLLRYPPFLPVAFHVLFASSHTPRITFPSSQQEAQNRMSQMRNLIQTLVSGIAPATRSRATPQALLLDALCLLLDILAPKLRPVSTQLYSTREKQQLASLVGTMLAYSLTYRQERTPDGQYIYRLEPNVEELCRFPELPARKPLTYQTKQLIAREIEVEKMRRAEASARVENSPQVDGSPPGLEGLLGGIGEKGVHRPAPRNHEQRLEHIMRRAAREEQPEKDFFGRVVVRSTAVPSAGDTAPEQDSVERRMGTAVGRSEVWFRFNEGVSNAVRRSLYIRDLL,Homo sapiens
190072,9606.ENSP00000359864,9606.ENSP00000359864,False,GPC4_HUMAN,"rgb(161,239,117)",GPC4,,9606.ENSP00000359864,Secreted glypican-4; Cell surface proteoglycan that bears heparan sulfate. May be involved in the development of kidney tubules and of the central nervous system (By similarity).,stringdb:9606.ENSP00000359864,stringdb,protein,GPC4,MARFGLPALLCTLAVLSAALLAAELKSKSCSEVRRLYVSKGFNKNDAPLHEINGDHLKICPQGSTCCSQEMEEKYSLQSKDDFKSVVSEQCNHLQAVFASRYKKFDEFFKELLENAEKSLNDMFVKTYGHLYMQNSELFKDLFVELKRYYVVGNVNLEEMLNDFWARLLERMFRLVNSQYHFTDEYLECVSKYTEQLKPFGDVPRKLKLQVTRAFVAARTFAQGLAVAGDVVSKVSVVNPTAQCTHALLKMIYCSHCRGLVTVKPCYNYCSNIMRGCLANQGDLDFEWNNFIDAMLMVAERLEGPFNIESVMDPIDVKISDAIMNMQDNSVQVSQKVFQGCGPPKPLPAGRISRSISESAFSARFRPHHPEERPTTAAGTSLDRLVTDVKEKLKQAKKFWSSLPSNVCNDERMAAGNGNEDDCWNGKGKSRYLFAVTGNGLANQGNNPEVQVDTSKPDILILRQIMALRVMTSKMKNAYNGNDVDFFDISDESSGEGSGSGCEYQQCPSEFDYNATDHAGKSANEKADSAGVRPGAQAYLLTVFCILFLVMQREWR,Homo sapiens
189565,9606.ENSP00000184266,9606.ENSP00000184266,False,NDUB4_HUMAN,,NDUFB4,,9606.ENSP00000184266,"NADH dehydrogenase [ubiquinone] 1 beta subcomplex subunit 4; Accessory subunit of the mitochondrial membrane respiratory chain NADH dehydrogenase (Complex I), that is believed not to be involved in catalysis. Complex I functions in the transfer of electrons from NADH to the respiratory chain. The immediate electron acceptor for the enzyme is believed to be ubiquinone.",stringdb:9606.ENSP00000184266,stringdb,protein,,MSFPKYKPSSLRTLPETLDPAEYNISPETRRAQAERLAIRAQLKREYLLQYNDPNRRGLIENPALLRWAYARTINVYPNFRPTPKNSLMGALCGFGPLIFIYYIIKTERDRKEKLIQEGKLDRTFHLSY,Homo sapiens
190333,9606.ENSP00000223026,9606.ENSP00000223026,False,HYAL4_HUMAN,"rgb(239,223,117)",HYAL4,,9606.ENSP00000223026,"Hyaluronidase-4; Endo-hyaluronidase that degrades hyaluronan to smaller oligosaccharide fragments. Has also chondroitin sulfate hydrolase activity, The best substrate being the galactosaminidic linkage in the sequence of a trisulfated tetrasaccharide.",stringdb:9606.ENSP00000223026,stringdb,protein,HYAL4,MKVLSEGQLKLCVVQPVHLTSWLLIFFILKSISCLKPARLPIYQRKPFIAAWNAPTDQCLIKYNLRLNLKMFPVIGSPLAKARGQNVTIFYVNRLGYYPWYTSQGVPINGGLPQNISLQVHLEKADQDINYYIPAEDFSGLAVIDWEYWRPQWARNWNSKDVYRQKSRKLISDMGKNVSATDIEYLAKVTFEESAKAFMKETIKLGIKSRPKGLWGYYLYPDCHNYNVYAPNYSGSCPEDEVLRNNELSWLWNSSAALYPSIGVWKSLGDSENILRFSKFRVHESMRISTMTSHDYALPVFVYTRLGYRDEPLFFLSKQDLVSTIGESAALGAAGIVIWGDMNLTASKANCTKVKQFVSSDLGSYIANVTRAAEVCSLHLCRNNGRCIRKMWNAPSYLHLNPASYHIEASEDGEFTVKGKASDTDLAVMADTFSCHCYQGYEGADCREIKTADGCSGVSPSPGSLMTLCLLLLASYRSIQL,Homo sapiens
190339,9606.ENSP00000297512,9606.ENSP00000297512,False,ASIC3_HUMAN,"rgb(117,239,211)",ASIC3,,9606.ENSP00000297512,"Acid-sensing ion channel 3; Cation channel with high affinity for sodium, which is gated by extracellular protons and inhibited by the diuretic amiloride. Generates a biphasic current with a fast inactivating and a slow sustained phase. In sensory neurons is proposed to mediate the pain induced by acidosis that occurs in ischemic, damaged or inflamed tissue. May be involved in hyperalgesia. May play a role in mechanoreception. Heteromeric channel assembly seems to modulate channel properties.",stringdb:9606.ENSP00000297512,stringdb,protein,ASIC3,MKPTSGPEEARRPASDIRVFASNCSMHGLGHVFGPGSLSLRRGMWAAAVVLSVATFLYQVAERVRYYREFHHQTALDERESHRLIFPAVTLCNINPLRRSRLTPNDLHWAGSALLGLDPAEHAAFLRALGRPPAPPGFMPSPTFDMAQLYARAGHSLDDMLLDCRFRGQPCGPENFTTIFTRMGKCYTFNSGADGAELLTTTRGGMGNGLDIMLDVQQEEYLPVWRDNEETPFEVGIRVQIHSQEEPPIIDQLGLGVSPGYQTFVSCQQQQLSFLPPPWGDCSSASLNPNYEPEPSDPLGSPSPSPSPPYTLMGCRLACETRYVARKCGCRMVYMPGDVPVCSPQQYKNCAHPAIDAMLRKDSCACPNPCASTRYAKELSMVRIPSRAAARFLARKLNRSEAYIAENVLALDIFFEALNYETVEQKKAYEMSELLGDIGGQMGLFIGASLLTILEILDYLCEVFRDKVLGYFWNRQHSQRHSSTNLLQEGLGSHRTQVPHLSLGPSTLLCSEDLPPLPVPSPRLSPPPTAPATLSHSSRPAVCVLGAPP,Homo sapiens
189568,9606.ENSP00000215375,9606.ENSP00000215375,False,ATPD_HUMAN,"rgb(143,239,117)",ATP5F1D,,9606.ENSP00000215375,"ATP synthase subunit delta, mitochondrial; Mitochondrial membrane ATP synthase (F(1)F(0) ATP synthase or Complex V) produces ATP from ADP in the presence of a proton gradient across the membrane which is generated by electron transport complexes of the respiratory chain. F-type ATPases consist of two structural domains, F(1) - containing the extramembraneous catalytic core, and F(0) - containing the membrane proton channel, linked together by a central stalk and a peripheral stalk. During catalysis, ATP turnover in the catalytic domain of F(1) is coupled via a rotary mechanism of the c [...] ",stringdb:9606.ENSP00000215375,stringdb,protein,ATP5F1D,MLPAALLRRPGLGRLVRHARAYAEAAAAPAAASGPNQMSFTFASPTQVFFNGANVRQVDVPTLTGAFGILAAHVPTLQVLRPGLVVVHAEDGTTSKYFVSSGSIAVNADSSVQLLAEEAVTLDMLDLGAAKANLEKAQAELVGTADEATRAEIQIRIEANEALVKALE,Homo sapiens
190336,9606.ENSP00000383611,9606.ENSP00000383611,False,CCNL2_HUMAN,"rgb(0,28,178)",CCNL2,,9606.ENSP00000383611,"Cyclin-L2; Involved in pre-mRNA splicing. May induce cell death, possibly by acting on the transcription and RNA processing of apoptosis-related factors.",stringdb:9606.ENSP00000383611,stringdb,protein,CCNL2,MAAAAAAAGAAGSAAPAAAAGAPGSGGAPSGSQGVLIGDRLYSGVLITLENCLLPDDKLRFTPSMSSGLDTDTETDLRVVGCELIQAAGILLRLPQVAMATGQVLFQRFFYTKSFVKHSMEHVSMACVHLASKIEEAPRRIRDVINVFHRLRQLRDKKKPVPLLLDQDYVNLKNQIIKAERRVLKELGFCVHVKHPHKIIVMYLQVLECERNQHLVQTSWNYMNDSLRTDVFVRFQPESIACACIYLAARTLEIPLPNRPHWFLLFGATEEEIQEICLKILQLYARKKVDLTHLEGEVEKRKHAIEEAKAQARGLLPGGTQVLDGTSGFSPAPKLVESPKEGKGSKPSPLSVKNTKRRLEGAKKAKADSPVNGLPKGRESRSRSRSREQSYSRSPSRSASPKRRKSDSGSTSGGSKSQSRSRSRSDSPPRQAPRSAPYKGSEIRGSRKSKDCKYPQKPHKSRSRSSSRSRSRSRERADNPGKYKKKSHYYRDQRRERSRSYERTGRRYERDHPGHSRHRR,Homo sapiens
190081,9606.ENSP00000359819,9606.ENSP00000359819,False,MSPD1_HUMAN,"rgb(117,117,239)",MOSPD1,,9606.ENSP00000359819,"Motile sperm domain-containing protein 1; Plays a role in differentiation and/or proliferation of mesenchymal stem cells. Proposed to be involved in epithelial-to- mesenchymal transition (EMT). However, another study suggests that it is not required for EMT or stem cell self-renewal and acts during later stages of differentiation.",stringdb:9606.ENSP00000359819,stringdb,protein,MOSPD1,MHQQKRQPELVEGNLPVFVFPTELIFYADDQSTHKQVLTLYNPYEFALKFKVLCTTPNKYVVVDAAGAVKPQCCVDIVIRHRDVRSCHYGVIDKFRLQVSEQSQRKALGRKEVVATLLPSAKEQQKEEEEKRLKEHLTESLFFEQSFQPENRAVSSGPSLLTVFLGVVCIAALMLPTLGDVESLVPLYLHLSVNQKLVAAYILGLITMAILRT,Homo sapiens
189574,9606.ENSP00000500990,9606.ENSP00000500990,False,SYUA_HUMAN,"rgb(117,117,239)",SNCA,,9606.ENSP00000500990,"Alpha-synuclein; Neuronal protein that plays several roles in synaptic activity such as regulation of synaptic vesicle trafficking and subsequent neurotransmitter release. Participates as a monomer in synaptic vesicle exocytosis by enhancing vesicle priming, fusion and dilation of exocytotic fusion pores. Mechanistically, acts by increasing local Ca(2+) release from microdomains which is essential for the enhancement of ATP-induced exocytosis. Acts also as a molecular chaperone in its multimeric membrane-bound state, assisting in the folding of synaptic fusion components called SNAREs  [...] ",stringdb:9606.ENSP00000500990,stringdb,protein,SNCA,MDVFMKGLSKAKEGVVAAAEKTKQGVAEAAGKTKEGVLYVGSKTKEGVVHGVATVAEKTKEQVTNVGGAVVTGVTAVAQKTVEGAGSIAAATGFVKKDQLGKNEEGAPQEGILEDMPVDPDNEAYEMPSEEGYQDYEPEA,Homo sapiens
190342,9606.ENSP00000363103,9606.ENSP00000363103,False,SCND1_HUMAN,"rgb(157,239,117)",SCAND1,,9606.ENSP00000363103,SCAN domain-containing protein 1; May regulate transcriptional activity.,stringdb:9606.ENSP00000363103,stringdb,protein,SCAND1,MAATEPILAATGSPAAVPPEKLEGAGSSSAPERNCVGSSLPEASPPAPEPSSPNAAVPEAIPTPRAAASAALELPLGPAPVSVAPQAEAEARSTPGPAGSRLGPETFRQRFRQFRYQDAAGPREAFRQLRELSRQWLRPDIRTKEQIVEMLVQEQLLAILPEAARARRIRRRTDVRITG,Homo sapiens
190084,9606.ENSP00000369860,9606.ENSP00000369860,False,MSPD2_HUMAN,"rgb(117,117,239)",MOSPD2,,9606.ENSP00000369860,"Motile sperm domain-containing protein 2; Promotes migration of primary monocytes and neutrophils, in response to various chemokines.",stringdb:9606.ENSP00000369860,stringdb,protein,MOSPD2,MAENHAQNKAKLISETRRRFEAEYVTDKSDKYDARDVERLQQDDNWVESYLSWRHNIVDETLKMLDESFQWRKEISVNDLNESSIPRWLLEIGVIYLHGYDKEGNKLFWIRVKYHVKDQKTILDKKKLIAFWLERYAKRENGKPVTVMFDLSETGINSIDMDFVRFIINCFKVYYPKYLSKIVIFDMPWLMNAAFKIVKTWLGPEAVSLLKFTSKNEVQDYVSVEYLPPHMGGTDPFKYSYPPLVDDDFQTPLCENGPITSEDETSSKEDIESDGKETLETISNEEQTPLLKKINPTESTSKAEENEKVDSKVKAFKKPLSVFKGPLLHISPAEELYFGSTESGEKKTLIVLTNVTKNIVAFKVRTTAPEKYRVKPSNSSCDPGASVDIVVSPHGGLTVSAQDRFLIMAAEMEQSSGTGPAELTQFWKEVPRNKVMEHRLRCHTVESSKPNTLTLKDNAFNMSDKTSEDICLQLSRLLESNRKLEDQVQRCIWFQQLLLSLTMLLLAFVTSFFYLLYS,Homo sapiens
190345,9606.ENSP00000360475,9606.ENSP00000360475,False,ARRD1_HUMAN,"rgb(239,120,117)",ARRDC1,,9606.ENSP00000360475,"Arrestin domain-containing protein 1; Functions as an adapter recruiting ubiquitin-protein ligases to their specific substrates. Through an ubiquitination-dependent mechanism plays for instance a role in the incorporation of SLC11A2 into extracellular vesicles. More generally, plays a role in the extracellular transport of proteins between cells through the release in the extracellular space of microvesicles. By participating to the ITCH-mediated ubiquitination and subsequent degradation of NOTCH1, negatively regulates the NOTCH signaling pathway ; Belongs to the arrestin family.",stringdb:9606.ENSP00000360475,stringdb,protein,ARRDC1,MGRVQLFEISLSHGRVVYSPGEPLAGTVRVRLGAPLPFRAIRVTCIGSCGVSNKANDTAWVVEEGYFNSSLSLADKGSLPAGEHSFPFQFLLPATAPTSFEGPFGKIVHQVRAAIHTPRFSKDHKCSLVFYILSPLNLNSIPDIEQPNVASATKKFSYKLVKTGSVVLTASTDLRGYVVGQALQLHADVENQSGKDTSPVVASLLQKVSYKAKRWIHDVRTIAEVEGAGVKAWRRAQWHEQILVPALPQSALPGCSLIHIDYYLQVSLKAPEATVTLPVFIGNIAVNHAPVSPRPGLGLPPGAPPLVVPSAPPQEEAEAEAAAGGPHFLDPVFLSTKSHSQRQPLLATLSSVPGAPEPCPQDGSPASHPLHPPLCISTGATVPYFAEGSGGPVPTTSTLILPPEYSSWGYPYEAPPSYEQSCGGVEPSLTPES,Homo sapiens
189838,9606.ENSP00000287152,9606.ENSP00000287152,False,KIF6_HUMAN,"rgb(230,239,117)",KIF6,,9606.ENSP00000287152,Kinesin-like protein KIF6; Kinesin family member 6.,stringdb:9606.ENSP00000287152,stringdb,protein,KIF6,MVKQTIQIFARVKPPVRKHQQGIYSIDEDEKLIPSLEIILPRDLADGFVNNKRESYKFKFQRIFDQDANQETVFENIAKPVAGSVLAGYNGTIFAYGQTGSGKTFTITGGAERYSDRGIIPRTLSYIFEQLQKDSSKIYTTHISYLEIYNECGYDLLDPRHEASSLEDLPKVTILEDPDQNIHLKNLTLHQATTEEEALNLLFLGDTNRMIAETPMNQASTRSHCIFTIHLSSKEPGSATVRHAKLHLVDLAGSERVAKTGVGGHLLTEAKYINLSLHYLEQVIIALSEKHRSHIPYRNSMMTSVLRDSLGGNCMTTMIATLSLEKRNLDESISTCRFAQRVALIKNEAVLNEEINPRLVIKRLQKEIQELKDELAMVTGEQRTEALTEAELLQLEKLITSFLEDQDSDSRLEVGADMRKVHHCFHHLKKLLNDKKILENNTVSSESKDQDCQEPLKEEEYRKLRDILKQRDNEINILVNMLKKEKKKAQEALHLAGMDRREFRQSQSPPFRLGNPEEGQRMRLSSAPSQAQDFSILGKRSSLLHKKIGMREEMSLGCQEAFEIFKRDHADSVTIDDNKQILKQRFSEAKALGESINEARSKIGHLKEEITQRHIQQVALGISENMAVPLMPDQQEEKLRSQLEEEKRRYKTMFTRLKALKVEIEHLQLLMDKAKVKLQKEFEVWWAEEATNLQVNSPAVNSLDHTKPFLQTSDSQHEWSQLLSNKSSGGWEVQDQGTGRFDVCDVNARKILPSPCPSPHSQKQSSTSTPLEDSIPKRPVSSIPLTGDSQTDSDIIAFIKARQSILQKQCLGSN,Homo sapiens
190351,9606.ENSP00000366586,9606.ENSP00000366586,False,S39AC_HUMAN,"rgb(238,239,117)",SLC39A12,,9606.ENSP00000366586,Zinc transporter ZIP12; Acts as a zinc-influx transporter (Potential). May be partly involved in the outbreak of schizophrenia; Belongs to the ZIP transporter (TC 2.A.5) family.,stringdb:9606.ENSP00000366586,stringdb,protein,SLC39A12,MCFRTKLSVSWVPLFLLLSRVFSTETDKPSAQDSRSRGSSGQPADLLQVLSAGDHPPHNHSRSLIKTLLEKTGCPRRRNGMQGDCNLCFEPDALLLIAGGNFEDQLREEVVQRVSLLLLYYIIHQEEICSSKLNMSNKEYKFYLHSLLSLRQDEDSSFLSQNETEDILAFTRQYFDTSQSQCMETKTLQKKSGIVSSEGANESTLPQLAAMIITLSLQGVCLGQGNLPSPDYFTEYIFSSLNRTNTLRLSELDQLLNTLWTRSTCIKNEKIHQFQRKQNNIITHDQDYSNFSSSMEKESEDGPVSWDQTCFSARQLVEIFLQKGLSLISKEDFKQMSPGIIQQLLSCSCHLPKDQQAKLPPTTLEKYGYSTVAVTLLTLGSMLGTALVLFHSCEENYRLILQLFVGLAVGTLSGDALLHLIPQVLGLHKQEAPEFGHFHESKGHIWKLMGLIGGIHGFFLIEKCFILLVSPNDKQGLSLVNGHVGHSHHLALNSELSDQAGRGKSASTIQLKSPEDSQAAEMPIGSMTASNRKCKAISLLAIMILVGDSLHNFADGLAIGAAFSSSSESGVTTTIAILCHEIPHEMGDFAVLLSSGLSMKTAILMNFISSLTAFMGLYIGLSVSADPCVQDWIFTVTAGMFLYLSLVEMLPEMTHVQTQRPWMMFLLQNFGLILGWLSLLLLAIYEQNIKI,Homo sapiens
189580,9606.ENSP00000467262,9606.ENSP00000467262,False,QCR10_HUMAN,,UQCR11,,9606.ENSP00000467262,"Cytochrome b-c1 complex subunit 10; Component of the ubiquinol-cytochrome c oxidoreductase, a multisubunit transmembrane complex that is part of the mitochondrial electron transport chain which drives oxidative phosphorylation. The respiratory chain contains 3 multisubunit complexes succinate dehydrogenase (complex II, CII), ubiquinol-cytochrome c oxidoreductase (cytochrome b-c1 complex, complex III, CIII) and cytochrome c oxidase (complex IV, CIV), that cooperate to transfer electrons derived from NADH and succinate to molecular oxygen, creating an electrochemical gradient over the in [...] ",stringdb:9606.ENSP00000467262,stringdb,protein,,MVTRFLGPRYRELVKNWVPTAYTWGAVGAVGLVWATDWRLILDWVPYINGKFKKDN,Homo sapiens
190348,9606.ENSP00000315351,9606.ENSP00000315351,False,D2HDH_HUMAN,"rgb(117,117,239)",D2HGDH,,9606.ENSP00000315351,"D-2-hydroxyglutarate dehydrogenase, mitochondrial; Catalyzes the oxidation of D-2-hydroxyglutarate to alpha- ketoglutarate.",stringdb:9606.ENSP00000315351,stringdb,protein,D2HGDH,MLPRRPLAWPAWLLRGAPGAAGSWGRPVGPLARRGCCSAPGTPEVPLTRERYPVRRLPFSTVSKQDLAAFERIVPGGVVTDPEALQAPNVDWLRTLRGCSKVLLRPRTSEEVSHILRHCHERNLAVNPQGGNTGMVGGSVPVFDEIILSTARMNRVLSFHSVSGILVCQAGCVLEELSRYVEERDFIMPLDLGAKGSCHIGGNVATNAGGLRFLRYGSLHGTVLGLEVVLADGTVLDCLTSLRKDNTGYDLKQLFIGSEGTLGIITTVSILCPPKPRAVNVAFLGCPGFAEVLQTFSTCKGMLGEILSAFEFMDAVCMQLVGRHLHLASPVQESPFYVLIETSGSNAGHDAEKLGHFLEHALGSGLVTDGTMATDQRKVKMLWALRERITEALSRDGYVYKYDLSLPVERLYDIVTDLRARLGPHAKHVVGYGHLGDGNLHLNVTAEAFSPSLLAALEPHVYEWTAGQQGSVSAEHGVGFRKRDVLGYSKPPGALQLMQQLKALLDPKGILNPYKTLPSQA,Homo sapiens
189586,9606.ENSP00000258424,9606.ENSP00000258424,False,COX5B_HUMAN,"rgb(186,239,117)",COX5B,,9606.ENSP00000258424,"Cytochrome c oxidase subunit 5B, mitochondrial; Component of the cytochrome c oxidase, the last enzyme in the mitochondrial electron transport chain which drives oxidative phosphorylation. The respiratory chain contains 3 multisubunit complexes succinate dehydrogenase (complex II, CII), ubiquinol- cytochrome c oxidoreductase (cytochrome b-c1 complex, complex III, CIII) and cytochrome c oxidase (complex IV, CIV), that cooperate to transfer electrons derived from NADH and succinate to molecular oxygen, creating an electrochemical gradient over the inner membrane that drives transmembrane [...] ",stringdb:9606.ENSP00000258424,stringdb,protein,COX5B,MASRLLRGAGTLAAQALRARGPSGAAAMRSMASGGGVPTDEEQATGLEREIMLAAKKGLDPYNVLAPKGASGTREDPNLVPSISNKRIVGCICEEDNTSVVWFWLHKGEAQRCPRCGAHYKLVPQQLAH,Homo sapiens
190354,9606.ENSP00000359370,9606.ENSP00000359370,False,SC31B_HUMAN,"rgb(239,168,117)",SEC31B,,9606.ENSP00000359370,"Protein transport protein Sec31B; As a component of the coat protein complex II (COPII), may function in vesicle budding and cargo export from the endoplasmic reticulum.",stringdb:9606.ENSP00000359370,stringdb,protein,SEC31B,MKLKELERPAVQAWSPASQYPLYLATGTSAQQLDSSFSTNGTLEIFEVDFRDPSLDLKHRGVLSALSRFHKLVWGSFGSGLLESSGVIVGGGDNGMLILYNVTHILSSGKEPVIAQKQKHTGAVRALDLNPFQGNLLASGASDSEIFIWDLNNLNVPMTLGSKSQQPPEDIKALSWNRQAQHILSSAHPSGKAVVWDLRKNEPIIKVSDHSNRMHCSGLAWHPDIATQLVLCSEDDRLPVIQLWDLRFASSPLKVLESHSRGILSVSWSQADAELLLTSAKDSQILCRNLGSSEVVYKLPTQSSWCFDVQWCPRDPSVFSAASFNGWISLYSVMGRSWEVQHMRQADKISSSFSKGQPLPPLQVPEQVAQAPLIPPLKKPPKWIRRPTGVSFAFGGKLVTFGLPSTPAHLVPQPCPRLVFISQVTTESEFLMRSAELQEALGSGNLLNYCQNKSQQALLQSEKMLWQFLKVTLEQDSRMKFLKLLGYSKDELQKKVATWLKSDVGLGESPQPKGNDLNSDRQQAFCSQASKHTTKEASASSAFFDELVPQNMTPWEIPITKDIDGLLSQALLLGELGPAVELCLKEERFADAIILAQAGGTDLLKQTQERYLAKKKTKISSLLACVVQKNWKDVVCTCSLKNWREALALLLTYSGTEKFPELCDMLGTRMEQEGSRALTSEARLCYVCSGSVERLVECWAKCHQALSPMALQDLMEKVMVLNRSLEQLRGPHGVSPGPATTYRVTQYANLLAAQGSLATAMSFLPRDCAQPPVQQLRDRLFHAQGSAVLGQQSPPFPFPRIVVGATLHSKETSSYRLGSQPSHQVPTPSPRPRVFTPQSSPAMPLAPSHPSPYQGPRTQNISDYRAPGPQAIQPLPLSPGVRPASSQPQLLGGQRVQVPNPVGFPGTWPLPGSPLPMACPGIMRPGSTSLPETPRLFPLLPLRPLGPGRMVSHTPAPPASFPVPYLPGDPGAPCSSVLPTTGILTPHPGPQDSWKEAPAPRGNLQRNKLPETFMPPAPITAPVMSLTPELQGILPSQPPVSSVSHAPPGVPGELSLQLQHLPPEKMERKELPPEHQSLKSSFEALLQRCSLSATDLKTKRKLEEAAQRLEYLYEKLCEGTLSPHVVAGLHEVARCVDAGSFEQGLAVHAQVAGCSSFSEVSSFMPILKAVLIIAHKLLV,Homo sapiens
189841,9606.ENSP00000388241,9606.ENSP00000388241,False,KI26A_HUMAN,"rgb(135,239,117)",KIF26A,,9606.ENSP00000388241,"Kinesin-like protein KIF26A; Atypical kinesin that plays a key role in enteric neuron development. Acts by repressing a cell growth signaling pathway in the enteric nervous system development, possibly via its interaction with GRB2 that prevents GRB2-binding to SHC, thereby attenating the GDNF-Ret signaling. Binds to microtubules but lacks microtubule-based motility due to the absence of ATPase activity (By similarity); Belongs to the TRAFAC class myosin-kinesin ATPase superfamily. Kinesin family. KIF26 subfamily.",stringdb:9606.ENSP00000388241,stringdb,protein,KIF26A,MVGRGVPLCAAQPAVAEGGPAREPPPLLEVSPRKRLPAGPDQDPCGSRPAPEGAGAGPEQGHSAGGGGWCRHCHTKLVELKRQAWKLVSGPGTTLRDPCLSALLLDKLPAPGALPACRPEAERRCDVCATHLQQLTREAMHLLQAPASHEDLDAPHGGPSLAPPSTTTSSRDTPGPAGPAGRQPGRAGPDRTKGLAWSPGPSVQVSVAPAGLGGALSTVTIQAQQCLEGMWSVSRVNSFLPPACLAEAAVAAVAVADTVRECPPVAGPDGLSKAWGRGGVCTSALVTPTPGSVGGSTGPSAAASFFIRAMQKLSLASKRKKPHPPPPPATRGTSTYPTDFSGVLQLWPPPAPPCLLRAASKTKDNPGSIGKVKVMLRIWPAQGAQRSAEAMSFLKVDPRKKQVILYDPAAGPPGSAGPRRAATAAVPKMFAFDAVFPQDSEQAEVCSGTVADVLQSVVSGADGCIFSFGHMSLGKSYTMIGKDSSPQSLGIVPCAISWLFRLIEERRERTGTRFSVRVSAVEVCGRDQSLRDLLAEVAPGSLQDTQSPGVYLREDPVCGAQLQNQSELRAPTAEKAAFYLDAALAARSTSRAGCGEDARRSSHMLFTLHVYQYRMEKCGRGGMSGGRSRLHLIDLGSCEAAAGRAGEAAGGPLCLSLSALGSVILALVNGAKHVPYRDHRLTMLLRESLATAGCRTTMIAHVSDAPAQHAETLSTVQLAARIHRLRRKKAKYASSSSGGESSCEEGRARRPPHLRPFHPRTVALDPDRTPPCLPGDPDYSSSSEQSCDTVIYVGPGGAALSDRELTDNEGPPDFVPIIPALSRHRPSKGPRDADHFRCSTFAELQERLECMDGNEGPSGGPGGTDGAQASPARGGRKPSPPEAASPRKAVGTPMAASTPRGSSGPDTHQGTPEPCKAIVWGDQREDSSAWPELLVPEKAAVSGGRRPLPSPAPPPPQLLEACRAPEEPGGGGTDGVARTPPVGMSGQVAGSPMLPGATCPRLAAGSRCPERGLLTTTVTLQRPVELNGEDELVFTVVEELSLGALAGAGRPTSLASFDSDCSLRALASGSRPVSIISSINDEFDAYTSQAPEGGPLEGAAWAGSSHGSSISSWLSEVSVCTADSRDPTPQPRFSPDSLAGLDPGGPPALDGSLGDGSSGFLGPDRPDSPGPTWGPCPGEVAAVAPSRPGREPQAGPSRWASAAQTIHSSLPRKPRTASATTRVGCARLGQSPPGRGGLFEDPWLLRVGECDTQAASAGRAPSPTLGSPRLPEAQVMLACAQRVVDGCEVAARAARRPEAVARIPPLRRGATTLGVTTPAVSWGDAPTEVVACSGSLKASPTSKKGLAPKAGFLPRPSGAAPPAPPTRKSSLEQRSSPASAPPHAVNPARVGAAAVLRGEEEPRPSSRADHSVPRATSSLKARASKVEAAHRLAGHASLERYEGLAHSSSKGREAPGRPPRAVPKLGVPPSSPTHGPAPACRSGAAKAVGAPKPPVGGGKGRGLVAGGSRALGPSVKLSTASVTGRSPGGPVAGPRAAPRAGPSVGAKAGRGTVMGTKQALRAAHSRVHELSASGAPGRGGSSWGSADSDSGHDSGVNVGEERPPTGPALPSPYSKVTAPRRPQRYSSGHGSDNSSVLSGELPPAMGRTALFHHSGGSSGYESLRRDSEATGSASSAPDSMSESGAASPGARTRSLKSPKKRATGLQRRRLIPAPLPDTTALGRKPSLPGQWVDLPPPLAGSLKEPFEIKVYEIDDVERLQRPRPTPREAPTQGLACVSTRLRLAERRQQRLREVQAKHKHLCEELAETQGRLMLEPGRWLEQFEVDPELEPESAEYLAALERATAALEQCVNLCKAHVMMVTCFDISVAASAAIPGPQEVDV,Homo sapiens
189847,9606.ENSP00000301332,9606.ENSP00000301332,False,KIFC2_HUMAN,"rgb(219,239,117)",KIFC2,,9606.ENSP00000301332,Kinesin-like protein KIFC2; May play a role in microtubule-dependent retrograde axonal transport. May function as the motor for the transport of multivesicular body (MVB)-like organelles in dendrites (By similarity).,stringdb:9606.ENSP00000301332,stringdb,protein,KIFC2,MYAFYSLLIYIFYSLFRRDGGAAAAAEPGDPAQRARKPRGRRRPDLPAPELWTELTGLAASSEPEDGSEGAAEGRAAAVSLEEALLRLAEFLSVQLGAEESCGGPADLGQSGEVPSLLTVTSQLLALLAWLRSPRGRQALLQGTQPAPRVRPPSPDGSTSQEESPSHFTAVPGEPLGDETQGQQPLQLEEDQRAWQRLEQLILGQLEELKQQLEQQEEELGRLRLGVGATDSEKRVQHLTLENEALKQSLSLMRDLLLHWGPGPPIRAPQEEAEALLELQGRLQEAQDTTEALRAQLGVQEVQLQGLQGALQQLQQETEQNCRRELQQMHGQLAGLRARMASLRQGCGDLRGLVSTFTQSCQGSLSEARGQVSWALGALSSGGPGTQLPEGQQGPPAGCPGRLPELKGNIRVLCRLRPGTSSSLVSVEPGPGGTVTTCYRGRHRRFRLDWVFPPDASQEEVFRELEPAVLSCLRGYSVCIFTYGQTGTGKTYSMEGPPEDPGIVPRALQSLFREMGAGRQHRVTLSMVEIYNEAVRDLLAPGPPERLAVRQGPEGQGGIQVAGLTHWDVPNLETLHQMLKLGRSNRATAATAMNQRSSRSHALVTLTLRAASPPRAPGTAGTLHLVDLAGSERARKAGAAGPPRGDPDGARRLREAQTINRSLLALGGVMAALRAHRPHVPFRDSQLTRLLQPALGPGTTAVLLLQVGAGAGQVCACRSPPTRARPPAPLARRSPRGRRISGRQSAPSSSPTEWVKWSWGQPGAAGSRAPPGRLLPSAPTLRSPGPPAPLRRPLAVLHAPVPTTARARLSRPQRACPSSPGSRPCPWGLRPGLCWQRR,Homo sapiens
190357,9606.ENSP00000264344,9606.ENSP00000264344,False,FA13A_HUMAN,"rgb(117,239,124)",FAM13A,,9606.ENSP00000264344,Protein FAM13A; Family with sequence similarity 13 member A; Belongs to the FAM13 family.,stringdb:9606.ENSP00000264344,stringdb,protein,FAM13A,MGAGALAICQSKAAVRLKEDMKKIVAVPLNEQKDFTYQKLFGVSLQELERQGLTENGIPAVVWNIVEYLTQHGLTQEGLFRVNGNVKVVEQLRLKFESGVPVELGKDGDVCSAASLLKLFLRELPDSLITSALQPRFIQLFQDGRNDVQESSLRDLIKELPDTHYCLLKYLCQFLTKVAKHHVQNRMNVHNLATVFGPNCFHVPPGLEGMKEQDLCNKIMAKILENYNTLFEVEYTENDHLRCENLARLIIVKEVYYKNSLPILLTRGLERDMPKPPPKTKIPKSRSEGSIQAHRVLQPELSDGIPQLSLRLSYRKACLEDMNSAEGAISAKLVPSSQEDERPLSPFYLSAHVPQVSNVSATGELLERTIRSAVEQHLFDVNNSGGQSSEDSESGTLSASSATSARQRRRQSKEQDEVRHGRDKGLINKENTPSGFNHLDDCILNTQEVEKVHKNTFGCAGERSKPKRQKSSTKLSELHDNQDGLVNMESLNSTRSHERTGPDDFEWMSDERKGNEKDGGHTQHFESPTMKIQEHPSLSDTKQQRNQDAGDQEESFVSEVPQSDLTALCDEKNWEEPIPAFSSWQRENSDSDEAHLSPQAGRLIRQLLDEDSDPMLSPRFYAYGQSRQYLDDTEVPPSPPNSHSFMRRRSSSLGSYDDEQEDLTPAQLTRRIQSLKKKIRKFEDRFEEEKKYRPSHSDKAANPEVLKWTNDLAKFRRQLKESKLKISEEDLTPRMRQRSNTLPKSFGSQLEKEDEKKQELVDKAIKPSVEATLESIQRKLQEKRAESSRPEDIKDMTKDQIANEKVALQKALLYYESIHGRPVTKNERQVMKPLYDRYRLVKQILSRANTIPIIGSPSSKRRSPLLQPIIEGETASFFKEIKEEEEGSEDDSNVKPDFMVTLKTDFSARCFLDQFEDDADGFISPMDDKIPSKCSQDTGLSNLHAASIPELLEHLQEMREEKKRIRKKLRDFEDNFFRQNGRNVQKEDRTPMAEEYSEYKHIKAKLRLLEVLISKRDTDSKSM,Homo sapiens
190363,9606.ENSP00000252809,9606.ENSP00000252809,False,GDF15_HUMAN,"rgb(150,239,117)",GDF15,,9606.ENSP00000252809,"Growth/differentiation factor 15; Regulates food intake, energy expenditure and body weight in response to metabolic and toxin-induced stresses. Binds to its receptor, GFRAL, and activates GFRAL- expressing neurons localized in the area postrema and nucleus tractus solitarius of the brainstem. It then triggers the activation of neurons localized within the parabrachial nucleus and central amygdala, which contitutes part of the 'emergency circuit' that shapes feeding responses to stressful conditions. On hepatocytes, inhibits growth hormone signaling (By similarity).",stringdb:9606.ENSP00000252809,stringdb,protein,GDF15,MPGQELRTVNGSQMLLVLLVLSWLPHGGALSLAEASRASFPGPSELHSEDSRFRELRKRYEDLLTRLRANQSWEDSNTDLVPAPAVRILTPEVRLGSGGHLHLRISRAALPEGLPEASRLHRALFRLSPTASRSWDVTRPLRRQLSLARPQAPALHLRLSPPPSQSDQLLAESSSARPQLELHLRPQAARGRRRARARNGDHCPLGPGRCCRLHTVRASLEDLGWADWVLSPREVQVTMCIGACPSQFRAANMHAQIKTSLHRLKPDTVPAPCCVPASYNPMVLIQKTDTGVSLQTYDDLLAKDCHCI,Homo sapiens
189592,9606.ENSP00000317780,9606.ENSP00000317780,False,COX5A_HUMAN,"rgb(183,239,117)",COX5A,,9606.ENSP00000317780,"Cytochrome c oxidase subunit 5A, mitochondrial; Component of the cytochrome c oxidase, the last enzyme in the mitochondrial electron transport chain which drives oxidative phosphorylation. The respiratory chain contains 3 multisubunit complexes succinate dehydrogenase (complex II, CII), ubiquinol- cytochrome c oxidoreductase (cytochrome b-c1 complex, complex III, CIII) and cytochrome c oxidase (complex IV, CIV), that cooperate to transfer electrons derived from NADH and succinate to molecular oxygen, creating an electrochemical gradient over the inner membrane that drives transmembrane [...] ",stringdb:9606.ENSP00000317780,stringdb,protein,COX5A,MLGAALRRCAVAATTRADPRGLLHSARTPGPAVAIQSVRCYSHGSQETDEEFDARWVTYFNKPDIDAWELRKGINTLVTYDMVPEPKIIDAALRACRRLNDFASTVRILEVVKDKAGPHKEIYPYVIQELRPTLNELGISTPEELGLDKV,Homo sapiens
190360,9606.ENSP00000455308,9606.ENSP00000455308,False,ZN598_HUMAN,"rgb(212,239,117)",ZNF598,,9606.ENSP00000455308,"E3 ubiquitin-protein ligase ZNF598; E3 ubiquitin-protein ligase that plays a key role in the ribosome quality control (RQC), a pathway that takes place when a ribosome has stalled during translation. Required for ribosomes to terminally stall during translation of poly(A) sequences by mediating monoubiquitination of 40S ribosomal protein RPS10/eS10, RPS20/uS10 and RPS3/uS3. Stalling precludes synthesis of a long poly-lysine tail and initiates the RQC pathway to degrade the potentially detrimental aberrant nascent polypeptide. Also acts as a component of the 4EHP-GYF2 complex, a multipr [...] ",stringdb:9606.ENSP00000455308,stringdb,protein,ZNF598,MAAAGGAEGRRADMEAEAAAAPERGGGSCVLCCGDLEATALGRCDHPVCYRCSTKMRVLCEQRYCAVCREELRQVVFGKKLPAFATIPIHQLQHEKKYDIYFADGKVYALYRQLLQHECPRCPELPPFSLFGDLEQHMRRQHELFCCRLCLQHLQIFTYERKWYSRKDLARHRMQGDPDDTSHRGHPLCKFCDERYLDNDELLKHLRRDHYFCHFCDSDGAQDYYSDYAYLREHFREKHFLCEEGRCSTEQFTHAFRTEIDLKAHRTACHSRSRAEARQNRHIDLQFSYAPRHSRRNEGVVGGEDYEEVDRYSRQGRVARAGTRGAQQSRRGSWRYKREEEDREVAAAVRASVAAQQQEEARRSEDQEEGGRPKKEEAAARGPEDPRGPRRSPRTQGEGPGPKETSTNGPVSQEAFSVTGPAAPGCVGVPGALPPPSPKLKDEDFPSLSASTSSSCSTAATPGPVGLALPYAIPARGRSAFQEEDFPALVSSVPKPGTAPTSLVSAWNSSSSSKKVAQPPLSAQATGSGQPTRKAGKGSRGGRKGGPPFTQEEEEDGGPALQELLSTRPTGSVSSTLGLASIQPSKVGKKKKVGSEKPGTTLPQPPPATCPPGALQAPEAPASRAEGPVAVVVNGHMEGPAPARSAPKEPPGLPRPLGSFPCPTPQEDFPALGGPCPPRMPPPPGFSAVVLLKGTPPPPPPGLVPPISKPPPGFSGLLPSPHPACVPSPATTTTTKAPRLLPAPRAYLVPENFRERNLQLIQSIRDFLQSDEARFSEFKSHSGEFRQGLISAAQYYKSCRDLLGENFQKVFNELLVLLPDTAKQQELLSAHTDFCNREKPLSTKSKKNKKSAWQATTQQAGLDCRVCPTCQQVLAHGDASSHQALHAARDDDFPSLQAIARIIT,Homo sapiens
189598,9606.ENSP00000281031,9606.ENSP00000281031,False,NDUC2_HUMAN,,NDUFC2,,9606.ENSP00000281031,"NADH dehydrogenase [ubiquinone] 1 subunit C2; Accessory subunit of the mitochondrial membrane respiratory chain NADH dehydrogenase (Complex I), that is believed not to be involved in catalysis. Complex I functions in the transfer of electrons from NADH to the respiratory chain. The immediate electron acceptor for the enzyme is believed to be ubiquinone.",stringdb:9606.ENSP00000281031,stringdb,protein,,MIARRNPEPLRFLPDEARSLPPPKLTDPRLLYIGFLGYCSGLIDNLIRRRPIATAGLHRQLLYITAFFFAGYYLVKREDYLYAVRDREMFGYMKLHPEDFPEEDKKTYGEIFEKFHPIR,Homo sapiens
190366,9606.ENSP00000270061,9606.ENSP00000270061,False,SSBP4_HUMAN,"rgb(117,117,239)",SSBP4,,9606.ENSP00000270061,Single stranded DNA binding protein 4.,stringdb:9606.ENSP00000270061,stringdb,protein,SSBP4,MYAKGGKGSAVPSDSQAREKLALYVYEYLLHIGAQKSAQTFLSEIRWEKNITLGEPPGFLHSWWCVFWDLYCAAPDRREACEHSGEAKAFQDYSAAAAPSPVMGSMAPGDTMAAGSMAAGFFQGPPGSQPSPHNPNAPMMGPHGQPFMSPRFPGGPRPTLRMPSQPPAGLPGSQPLLPGAMEPSPRAQGHPSMGGPMQRVTPPRGMASVGPQSYGGGMRPPPNSLAGPGLPAMNMGPGVRGPWASPSGNSIPYSSSSPGSYTGPPGGGGPPGTPIMPSPGDSTNSSENMYTIMNPIGQGAGRANFPLGPGPEGPMAAMSAMEPHHVNGSLGSGDMDGLPKSSPGAVAGLSNAPGTPRDDGEMAAAGTFLHPFPSESYSPGMTMSV,Homo sapiens
189853,9606.ENSP00000289013,9606.ENSP00000289013,False,RHPN1_HUMAN,"rgb(117,239,204)",RHPN1,,9606.ENSP00000289013,"Rhophilin-1; Has no enzymatic activity. May serve as a target for Rho, and interact with some cytoskeletal component upon Rho binding or relay a Rho signal to other molecules; Belongs to the RHPN family.",stringdb:9606.ENSP00000289013,stringdb,protein,RHPN1,MILEERPDGAGAGEESPRLQGCDSLTQIQCGQLQSRRAQIHQQIDKELQMRTGAENLYRATSNNRVRETVALELSYVNSNLQLLKEELEELSGGVDPGRHGSEAVTVPMIPLGLKETKELDWSTPLKELISVHFGEDGASYEAEIRELEALRQAMRTPSRNESGLELLTAYYNQLCFLDARFLTPARSLGLFFHWYDSLTGVPAQQRALAFEKGSVLFNIGALHTQIGARQDRSCTEGARRAMEAFQRAAGAFSLLRENFSHAPSPDMSAASLCALEQLMMAQAQECVFEGLSPPASMAPQDCLAQLRLAQEAAQVAAEYRLVHRTMAQPPVHDYVPVSWTALVHVKAEYFRSLAHYHVAMALCDGSPATEGELPTHEQVFLQPPTSSKPRGPVLPQELEERRQLGKAHLKRAILGQEEALRLHALCRVLREVDLLRAVISQTLQRSLAKYAELDREDDFCEAAEAPDIQPKTHQKPEARMPRLSQGKGPDIFHRLGPLSVFSAKNRWRLVGPVHLTRGEGGFGLTLRGDSPVLIAAVIPGSQAAAAGLKEGDYIVSVNGQPCRWWRHAEVVTELKAAGEAGASLQVVSLLPSSRLPSLGDRRPVLLGPRGLLRSQREHGCKTPASTWASPRPLLNWSRKAQQGKTGGCPQPCAPVKPAPPSSLKHPGWP,Homo sapiens
189856,9606.ENSP00000343325,9606.ENSP00000343325,False,PKN1_HUMAN,"rgb(128,239,117)",PKN1,,9606.ENSP00000343325,"Serine/threonine-protein kinase N1; PKC-related serine/threonine-protein kinase involved in various processes such as regulation of the intermediate filaments of the actin cytoskeleton, cell migration, tumor cell invasion and transcription regulation. Part of a signaling cascade that begins with the activation of the adrenergic receptor ADRA1B and leads to the activation of MAPK14. Regulates the cytoskeletal network by phosphorylating proteins such as VIM and neurofilament proteins NEFH, NEFL and NEFM, leading to inhibit their polymerization. Phosphorylates 'Ser-575', 'Ser-637' and 'Se [...] ",stringdb:9606.ENSP00000343325,stringdb,protein,PKN1,MAEANNPSEQELESEPRSWSLLEQLGLAGADLAAPGVQQQLELERERLRREIRKELKLKEGAENLRRATTDLGRSLGPVELLLRGSSRRLDLLHQQLQELHAHVVLPDPAATHDGPQSPGAGGPTCSATNLSRVAGLEKQLAIELKVKQGAENMIQTYSNGSTKDRKLLLTAQQMLQDSKTKIDIIRMQLRRALQAGQLENQAAPDDTQGSPDLGAVELRIEELRHHFRVEHAVAEGAKNVLRLLSAAKAPDRKAVSEAQEKLTESNQKLGLLREALERRLGELPADHPKGRLLREELAAASSAAFSTRLAGPFPATHYSTLCKPAPLTGTLEVRVVGCRDLPETIPWNPTPSMGGPGTPDSRPPFLSRPARGLYSRSGSLSGRSSLKAEAENTSEVSTVLKLDNTVVGQTSWKPCGPNAWDQSFTLELERARELELAVFWRDQRGLCALKFLKLEDFLDNERHEVQLDMEPQGCLVAEVTFRNPVIERIPRLRRQKKIFSKQQGKAFQRARQMNIDVATWVRLLRRLIPNATGTGTFSPGASPGSEARTTGDISVEKLNLGTDSDSSPQKSSRDPPSSPSSLSSPIQESTAPELPSETQETPGPALCSPLRKSPLTLEDFKFLAVLGRGHFGKVLLSEFRPSGELFAIKALKKGDIVARDEVESLMCEKRILAAVTSAGHPFLVNLFGCFQTPEHVCFVMEYSAGGDLMLHIHSDVFSEPRAIFYSACVVLGLQFLHEHKIVYRDLKLDNLLLDTEGYVKIADFGLCKEGMGYGDRTSTFCGTPEFLAPEVLTDTSYTRAVDWWGLGVLLYEMLVGESPFPGDDEEEVFDSIVNDEVRYPRFLSAEAIGIMRRLLRRNPERRLGSSERDAEDVKKQPFFRTLGWEALLARRLPPPFVPTLSGRTDVSNFDEEFTGEAPTLSPPRDARPLTAAEQAAFLDFDFVAGGC,Homo sapiens
190369,9606.ENSP00000419923,9606.ENSP00000419923,False,KLF6_HUMAN,"rgb(117,117,239)",KLF6,,9606.ENSP00000419923,Krueppel-like factor 6; Transcriptional activator (By similarity). Binds a GC box motif. Could play a role in B-cell growth and development.,stringdb:9606.ENSP00000419923,stringdb,protein,KLF6,MDVLPMCSIFQELQIVHETGYFSALPSLEEYWQQTCLELERYLQSEPCYVSASEIKFDSQEDLWTKIILAREKKEESELKISSSPPEDTLISPSFCYNLETNSLNSDVSSESSDSSEELSPTAKFTSDPIGEVLVSSGKLSSSVTSTPPSSPELSREPSQLWGCVPGELPSPGKVRSGTSGKPGDKGNGDASPDGRRRVHRCHFNGCRKVYTKSSHLKAHQRTHTGEKPYRCSWEGCEWRFARSDELTRHFRKHTGAKPFKCSHCDRCFSRSDHLALHMKRHL,Homo sapiens
189862,9606.ENSP00000292408,9606.ENSP00000292408,False,FGFR4_HUMAN,"rgb(117,198,239)",FGFR4,,9606.ENSP00000292408,"Fibroblast growth factor receptor 4; Tyrosine-protein kinase that acts as cell-surface receptor for fibroblast growth factors and plays a role in the regulation of cell proliferation, differentiation and migration, and in regulation of lipid metabolism, bile acid biosynthesis, glucose uptake, vitamin D metabolism and phosphate homeostasis. Required for normal down- regulation of the expression of CYP7A1, the rate-limiting enzyme in bile acid synthesis, in response to FGF19. Phosphorylates PLCG1 and FRS2. Ligand binding leads to the activation of several signaling cascades. Activation o [...] ",stringdb:9606.ENSP00000292408,stringdb,protein,FGFR4,MRLLLALLGVLLSVPGPPVLSLEASEEVELEPCLAPSLEQQEQELTVALGQPVRLCCGRAERGGHWYKEGSRLAPAGRVRGWRGRLEIASFLPEDAGRYLCLARGSMIVLQNLTLITGDSLTSSNDDEDPKSHRDPSNRHSYPQQAPYWTHPQRMEKKLHAVPAGNTVKFRCPAAGNPTPTIRWLKDGQAFHGENRIGGIRLRHQHWSLVMESVVPSDRGTYTCLVENAVGSIRYNYLLDVLERSPHRPILQAGLPANTTAVVGSDVELLCKVYSDAQPHIQWLKHIVINGSSFGADGFPYVQVLKTADINSSEVEVLYLRNVSAEDAGEYTCLAGNSIGLSYQSAWLTVLPEEDPTWTAAAPEARYTDIILYASGSLALAVLLLLAGLYRGQALHGRHPRPPATVQKLSRFPLARQFSLESGSSGKSSSSLVRGVRLSSSGPALLAGLVSLDLPLDPLWEFPRDRLVLGKPLGEGCFGQVVRAEAFGMDPARPDQASTVAVKMLKDNASDKDLADLVSEMEVMKLIGRHKNIINLLGVCTQEGPLYVIVECAAKGNLREFLRARRPPGPDLSPDGPRSSEGPLSFPVLVSCAYQVARGMQYLESRKCIHRDLAARNVLVTEDNVMKIADFGLARGVHHIDYYKKTSNGRLPVKWMAPEALFDRVYTHQSDVWSFGILLWEIFTLGGSPYPGIPVEELFSLLREGHRMDRPPHCPPELYGLMRECWHAAPSQRPTFKQLVEALDKVLLAVSEEYLDLRLTFGPYSPSGGDASSTCSSSDSVFSHDPLPLGSSSFPFGSGVQT,Homo sapiens
189607,9606.ENSP00000441126,9606.ENSP00000441126,False,NDUC1_HUMAN,,NDUFC1,,9606.ENSP00000441126,"NADH dehydrogenase [ubiquinone] 1 subunit C1, mitochondrial; Accessory subunit of the mitochondrial membrane respiratory chain NADH dehydrogenase (Complex I), that is believed not to be involved in catalysis. Complex I functions in the transfer of electrons from NADH to the respiratory chain. The immediate electron acceptor for the enzyme is believed to be ubiquinone.",stringdb:9606.ENSP00000441126,stringdb,protein,,MAPSALLRPLSRLLAPARLPSGPSVRSKFYVREPPNAKPDWLKVGFTLGTTVFLWIYLIKQHNEDILEYKRRNGLE,Homo sapiens
190375,9606.ENSP00000306324,9606.ENSP00000306324,False,PWP2B_HUMAN,"rgb(255,0,0)",PWWP2B,,9606.ENSP00000306324,PWWP domain containing 2B.,stringdb:9606.ENSP00000306324,stringdb,protein,PWWP2B,MEPRAGCRLPVRVEQVVNGALVVTVSCGERSFAGILLDCTKKSGLFGLPPLAPLPQVDESPVNDSHGRAPEEGDAEVMQLGSSSPPPARGVQPPETTRPEPPPPLVPPLPAGSLPPYPPYFEGAPFPHPLWLRDTYKLWVPQPPPRTIKRTRRRLSRNRDPGRLILSTIRLRPRQVLCEKCKSTLSPPEASPGPPAAPRARRRLGSGPDRELRKPEEPENGEPTAAATARRSKRERREEDRAPAEQVPRSPVIKISYSTPQGKGEVVKIPSRVHGSLEPFRPQQAPQDDGSQDPEVLDRESRDRPSCAPSASIPKLKLTRPVPAGADLPPPKIRLKPHRLGDSEHEPVYRAELVGELNGYLRDSSPAPCADGPAGGLADLSSGSSGEDDDFKSCPQGPQGREGLAFLVSCPEGRADCASESACSSDSLDEARSSGSEGTPADTGDLSPGHGASAPSVSREARQTVPPLTVRLHTQSVSECITEDGRTVAVGDIVWGKIHGFPWWPARVLDISLGQKEDGEPSWREAKVSWFGSPTTSFLSISKLSPFSEFFKLRFNRKKKGMYRKAITEAANAARHVAPEIRELLTQFET,Homo sapiens
190372,9606.ENSP00000419803,9606.ENSP00000419803,False,KLH13_HUMAN,"rgb(117,239,189)",KLHL13,,9606.ENSP00000419803,Kelch-like protein 13; Substrate-specific adapter of a BCR (BTB-CUL3-RBX1) E3 ubiquitin-protein ligase complex required for mitotic progression and cytokinesis. The BCR(KLHL9-KLHL13) E3 ubiquitin ligase complex mediates the ubiquitination of AURKB and controls the dynamic behavior of AURKB on mitotic chromosomes and thereby coordinates faithful mitotic progression and completion of cytokinesis.,stringdb:9606.ENSP00000419803,stringdb,protein,KLHL13,MMRVQTLREKWAYWRRRQLSLKQADFKDIFKKSTSGSLVEEEDQHMKLSLGGSEMGLSSHLQSSKAGPTRIFTSNTHSSVVLQGFDQLRLEGLLCDVTLMPGDTDDAFPVHRVMMASASDYFKAMFTGGMKEQDLMCIKLHGVSKVGLRKIIDFIYTAKLSLNMDNLQDTLEAASFLQILPVLDFCKVFLISGVTLDNCVEVGRIANTYNLTEVDKYVNSFVLKNFPALLSTGEFLKLPFERLAFVLSSNSLKHCTELELFKATCRWLRLEEPRMDFAAKLMKNIRFPLMTPQELINYVQTVDFMRTDNTCVNLLLEASNYQMMPYMQPVMQSDRTAIRSDTTHLVTLGGVLRQQLVVSKELRMYDEKAHEWKSLAPMDAPRYQHGIAVIGNFLYVVGGQSNYDTKGKTAVDTVFRFDPRYNKWMQVASLNEKRTFFHLSALKGYLYAVGGRNAAGELPTVECYNPRTNEWTYVAKMSEPHYGHAGTVYGGVMYISGGITHDTFQKELMCFDPDTDKWIQKAPMTTVRGLHCMCTVGERLYVIGGNHFRGTSDYDDVLSCEYYSPILDQWTPIAAMLRGQSDVGVAVFENKIYVVGGYSWNNRCMVEIVQKYDPDKDEWHKVFDLPESLGGIRACTLTVFPPEETTPSPSRESPLSAP,Homo sapiens
190378,9606.ENSP00000347433,9606.ENSP00000347433,False,APCD1_HUMAN,"rgb(239,153,117)",APCDD1,,9606.ENSP00000347433,Protein APCDD1; Negative regulator of the Wnt signaling pathway. Inhibits Wnt signaling in a cell-autonomous manner and functions upstream of beta- catenin. May act via its interaction with Wnt and LRP proteins. May play a role in colorectal tumorigenesis; Belongs to the APCDD1 family.,stringdb:9606.ENSP00000347433,stringdb,protein,APCDD1,MSWPRRLLLRYLFPALLLHGLGEGSALLHPDSRSHPRSLEKSAWRAFKESQCHHMLKHLHNGARITVQMPPTIEGHWVSTGCEVRSGPEFITRSYRFYHNNTFKAYQFYYGSNRCTNPTYTLIIRGKIRLRQASWIIRGGTEADYQLHNVQVICHTEAVAEKLGQQVNRTCPGFLADGGPWVQDVAYDLWREENGCECTKAVNFAMHELQLIRVEKQYLHHNLDHLVEELFLGDIHTDATQRMFYRPSSYQPPLQNAKNHDHACIACRIIYRSDEHHPPILPPKADLTIGLHGEWVSQRCEVRPEVLFLTRHFIFHDNNNTWEGHYYHYSDPVCKHPTFSIYARGRYSRGVLSSRVMGGTEFVFKVNHMKVTPMDAATASLLNVFNGNECGAEGSWQVGIQQDVTHTNGCVALGIKLPHTEYEIFKMEQDARGRYLLFNGQRPSDGSSPDRPEKRATSYQMPLVQCASSSPRAEDLAEDSGSSLYGRAPGRHTWSLLLAALACLVPLLHWNIRR,Homo sapiens
190126,9606.ENSP00000381611,9606.ENSP00000381611,False,PCDGA_HUMAN,"rgb(239,186,117)",PCDHGA10,,9606.ENSP00000381611,Protocadherin gamma-A10; Potential calcium-dependent cell-adhesion protein. May be involved in the establishment and maintenance of specific neuronal connections in the brain.,stringdb:9606.ENSP00000381611,stringdb,protein,PCDHGA10,MAAQRNRSKESKDCSGLVLLCLFFGIPWEAGARQISYSIPEELEKGSFVGNISKDLGLAPRELAERGVRIVSRGRTQLFSLNPRSGSLITAGRIDREELCAQSARCVVSFNILVEDRVKLFGIEIEVTDINDNAPKFQAENLDVKINENVAAGMRFPLPEAIDPDVGVNSLQSYQLSPNKHFSLRVQSRANGVKYPELVLEHSLDREEEAIHHLVLTASDGGDPLRSGTVLVSVTVFDANDNAPVFTLPEYRVSVPENLPVGTQLLTVTATDRDEGANGEVTYSFRKLPDTQLLKFQLNKYTGEIKISENLDYEETGFYEIEIQAEDGGAYLATAKVLITVEDVNDNSPELTITSLFSPVTEDSPLGTVVALLNVHDLDSEQNGQVTCSILAYLPFKLEKSIDSYYRLVIHRALDREQVSSYNITVTATDGGSPPLSTEAHFMLQVADINDNPPTFSQVSYFTYIPENNARGASIFSVTALDPDSKENAQIIYSLAEDTIQGVPLSSYISINSDTGVLYALRSFDYEQFHELQMQVTASDSGDPPLSSNVSLSLFVLDQNDNAPEILYPALPTDGSTGVELAPRSAEPGYLVTKVVAVDRDSGQNAWLSYRLLKASEPGLFAVGEHTGEVRTARALLDRDALKQSLVVAVQDHGQPPLSATVTLTVAVADSIPQVLADLGSFESPANSETSDLTLYLVVAVAAVSCVFLAFVIVLLAHRLRRWHKSRLLQASGGGLTGVSGSHFVGVDGVRAFLQTYSHEVSLTADSRKSHLIFPQPNYADTLISQESCEKNDPLSLLDDSKFPIEDTPLVPQAPPNTDWRFSQAQRPGTSGSQNGDDTGTWPNNQFDTEMLQAMILASASEAADGSSTLGGGAGTMGLSARYGPQFTLQHVPDYRQNVYIPGSNATLTNAAGKRDGKAPAGGNGNKKKSGKKEKK,Homo sapiens
189868,9606.ENSP00000292539,9606.ENSP00000292539,False,PP16A_HUMAN,"rgb(117,239,157)",PPP1R16A,,9606.ENSP00000292539,"Protein phosphatase 1 regulatory subunit 16A; Inhibits protein phosphatase 1 activity toward phosphorylase, myosin light chain and myosin substrates.",stringdb:9606.ENSP00000292539,stringdb,protein,PPP1R16A,MAEHLELLAEMPMVGRMSTQERLKHAQKRRAQQVKMWAQAEKEAQGKKGPGERPRKEAASQGLLKQVLFPPSVVLLEAAARNDLEEVRQFLGSGVSPDLANEDGLTALHQCCIDDFREMVQQLLEAGANINACDSECWTPLHAAATCGHLHLVELLIASGANLLAVNTDGNMPYDLCDDEQTLDCLETAMADRGITQDSIEAARAVPELRMLDDIRSRLQAGADLHAPLDHGATLLHVAAANGFSEAAALLLEHRASLSAKDQDGWEPLHAAAYWGQVPLVELLVAHGADLNAKSLMDETPLDVCGDEEVRAKLLELKHKHDALLRAQSRQRSLLRRRTSSAGSRGKVVRRVSLTQRTDLYRKQHAQEAIVWQQPPPTSPEPPEDNDDRQTGAELRPPPPEEDNPEVVRPHNGRVGGSPVRHLYSKRLDRSVSYQLSPLDSTTPHTLVHDKAHHTLADLKRQRAAAKLQRPPPEGPESPETAEPGLPGDTVTPQPDCGFRAGGDPPLLKLTAPAVEAPVERRPCCLLM,Homo sapiens
189613,9606.ENSP00000419087,9606.ENSP00000419087,False,NDUB2_HUMAN,,NDUFB2,,9606.ENSP00000419087,"NADH dehydrogenase [ubiquinone] 1 beta subcomplex subunit 2, mitochondrial; Accessory subunit of the mitochondrial membrane respiratory chain NADH dehydrogenase (Complex I), that is believed not to be involved in catalysis. Complex I functions in the transfer of electrons from NADH to the respiratory chain. The immediate electron acceptor for the enzyme is believed to be ubiquinone.",stringdb:9606.ENSP00000419087,stringdb,protein,,MSALTRLASFARVGGRLFRSGCARTAGDGGVRHAGGGVHIEPRYRQFPQLTRSQVFQSEFFSGLMWFWILWRFWHDSEEVLGHFPYPDPSQWTDEELGIPPDDED,Homo sapiens
190381,9606.ENSP00000384851,9606.ENSP00000384851,False,ERR1_HUMAN,"rgb(117,239,219)",ESRRA,,9606.ENSP00000384851,"Steroid hormone receptor ERR1; Binds to an ERR-alpha response element (ERRE) containing a single consensus half-site, 5'-TNAAGGTCA-3'. Can bind to the medium- chain acyl coenzyme A dehydrogenase (MCAD) response element NRRE-1 and may act as an important regulator of MCAD promoter. Binds to the C1 region of the lactoferrin gene promoter. Requires dimerization and the coactivator, PGC-1A, for full activity. The ERRalpha/PGC1alpha complex is a regulator of energy metabolism. Induces the expression of PERM1 in the skeletal muscle.",stringdb:9606.ENSP00000384851,stringdb,protein,ESRRA,MSSQVVGIEPLYIKAEPASPDSPKGSSETETEPPVALAPGPAPTRCLPGHKEEEDGEGAGPGEQGGGKLVLSSLPKRLCLVCGDVASGYHYGVASCEACKAFFKRTIQGSIEYSCPASNECEITKRRRKACQACRFTKCLRVGMLKEGVRLDRVRGGRQKYKRRPEVDPLPFPGPFPAGPLAVAGGPRKTAAPVNALVSHLLVVEPEKLYAMPDPAGPDGHLPAVATLCDLFDREIVVTISWAKSIPGFSSLSLSDQMSVLQSVWMEVLVLGVAQRSLPLQDELAFAEDLVLDEEGARAAGLGELGAALLQLVRRLQALRLEREEYVLLKALALANSDSVHIEDAEAVEQLREALHEALLEYEAGRAGPGGGAERRRAGRLLLTLPLLRQTAGKVLAHFYGVKLEGKVPMHKLFLEMLEAMMD,Homo sapiens
189874,9606.ENSP00000435565,9606.ENSP00000435565,False,MROH1_HUMAN,"rgb(117,117,239)",MROH1,,9606.ENSP00000435565,Maestro heat like repeat family member 1.,stringdb:9606.ENSP00000435565,stringdb,protein,MROH1,MTESSMKKLASTLLDAITDKDPLVQEQVCSALCSLGEARPVETLRACEEYLRQHDKLAHPYRAAVLRAMERVLSSRASELDKDTASTIILLASSEMTKTKDLVWDWQQAASGVLVAVGRQFISKVMEELLRRLHPGTLPHCAVLHTLASLSVANAFGVVPFLPSVLSSLLPVLGVAKQDTVRVAFCSALQRFSEGALEYLANLDRAPDPTVRKDAFATDIFSAYDVLFHQWLQSREAKLRLAVVEALGPMSHLLPSERLEEQLPKLLPGILALYKKHAETFYLSKSLGQILEAAVSVGSRTLETQLDALLAALHSQICVPVESSSPLVMSNQKEVLRCFTVLACSSPDRLLAFLLPRLDTSNERTRVGTLQVVRHVINSAAAQMEDKKPFILSSMRLPLLDTNSKVKRAVVQVISAMAHHGYLEQPGGEAMIEYIVQQCALPPEQEPEKPGPGSKDPKADSVRAISVRTLYLVSTTVDRMSHVLWPYLLQFLTPVRFTGALTPLCRSLVHLAQKRQEAGADAFLIQYDAHASLPSPYAVTGRLLVVSSSPYLGDGRGAAALRLLSVLHPNIHPLLGQHWETTVPLLLGYLDEHTEETLPQEEWEEKLLMFLRDTLAIISDNAWICQLSLELCRQLPCYDEAPQEKNFLYKCIGTTLGAASSKEVVRKHLQELLETARYQEEAEREGLACCFGICAISHLEDTLAQLEDFVRSEVFRKSIGILNIFKDRSENEVEKVKSALILCYGHVAARAPRELVLAKVESDILRNICQHFSTKVLGIKVETKDPALKLCLVQSVCMVSRAICSSTQAGSFHFTRKAELVAQMMEFIRAEPPDSLRTPIRKKAMLTCTYLVSVEPALDEQARADVIHGCLHSIMALLPEPKEEDGGCQKSLYLETLHALEDLLTSLLQRNMTPQGLQIMIEHLSPWIKSPRGHERARALGLSALLLRYFLEHLRVSALVPFHNLGLLIGLFSPRCADLWPATRQEAVDCVYSLLYLQLGYEGFSRDYRDDVAERLLSLKDGLVHPDPAILFHTCHSVGQIIAKRLPPDQLISLLLTMFEALGDPEKNCSRAATVMINCLLQERGGVLQEKVPEIVSVLRSKLQEAQGEHVLPAAQHSVYLLATQHCAAVVSSLLGSPLPLDSHTCMLWRALAVEPRLAAQVLGLLLEKMSRDVPFKESRAFLLGRTPDRVATLLPLSATCALFEVMSTPAAGPAVLELYPQLFVVLLLRVSCTVGVQLPRNLQAQERRGASPALATRNLEPCSSAVDTLRSMLLRSGSEDVVQRMDLEGGWELLRTSAGHEEGATRLARAMAEHAGPRLPLVLKTLACTHSSAYENQRVTTTAFLAELLNSNVANDLMLLDSLLESLAARQKDTCASVRRLVLRGLANLASGCPDKVRTHGPQLLTAMIGGLDDGDNPHSPVALEAMLGLARLVHLVESWDLRSGLLHVAIRIRPFFDSEKMEFRTASIRLFGHLNKVCHGDCEDVFLDQVVGGLAPLLLHLQDPQATVASACRFALRMCGPNLACEELSAAFQKHLQEGRALHFGEFLNTTCKHLMHHFPDLLGRLLTTCLFYFKSSWENVRAAAPLFTGFLVLHSEPRQQPQVDLDQLIAALQILLKDPAPEVRTRAAEALGRLVKLA,Homo sapiens
189619,9606.ENSP00000418438,9606.ENSP00000418438,False,NDUA3_HUMAN,,NDUFA3,,9606.ENSP00000418438,"NADH dehydrogenase [ubiquinone] 1 alpha subcomplex subunit 3; Accessory subunit of the mitochondrial membrane respiratory chain NADH dehydrogenase (Complex I), that is believed not to be involved in catalysis. Complex I functions in the transfer of electrons from NADH to the respiratory chain. The immediate electron acceptor for the enzyme is believed to be ubiquinone.",stringdb:9606.ENSP00000418438,stringdb,protein,,MAARVGAFLKNAWDKEPVLVVSFVVGGLAVILPPLSPYFKYSVMINKATPYNYPVPVRDDGNMPDVPSHPQDPQGPSLEWLKKL,Homo sapiens
190387,9606.ENSP00000435299,9606.ENSP00000435299,False,EFC4A_HUMAN,"rgb(239,157,117)",CRACR2B,,9606.ENSP00000435299,EF-hand calcium-binding domain-containing protein 4A; Plays a role in store-operated Ca(2+) entry (SOCE).,stringdb:9606.ENSP00000435299,stringdb,protein,CRACR2B,MASPGKPGADEAQEEEGELEGGSAGPRAAILEQAEELFLLCDKEAKGFITKHDLQGLQSDLPLTPEQLEAVFESLDRAHTGFLTAREFCLGLGMFVGVASAQGANPCRTPEETFESGGLDVQGTAGSLDEEEEEEERFHTVLEQLGVAPVLGKQRAVRTLWARLQRERPELLGSFEDVLIRASACLEEAARERDGLEQALRRRESEHEREVRALYEETEQLREQSRRPPSQNFARGERRSRLELELQSREQDLERAGLRQRELEQQLHAQAAEHLEAQAQNSQLWRAHEALRTQLEGAQEQIRRLESEARGRQEQTQRDVVAVSRNMQKEKVSLLRQLELLRELNTRLRDDRDACEARRAGSSCRKALTTARLPGPTCCCCCCWARPPRRGSGHLPSAR,Homo sapiens
190384,9606.ENSP00000251768,9606.ENSP00000251768,False,S4A5_HUMAN,"rgb(178,171,0)",SLC4A5,,9606.ENSP00000251768,"Electrogenic sodium bicarbonate cotransporter 4; Mediates sodium- and bicarbonate-dependent electrogenic sodium bicarbonate cotransport, with a Na(+):HCO3(-) stoichiometry of 2:1. May have a housekeeping function in regulating the pH of tissues in which it is expressed. May play a role in mediating Na(+):HCO3(-) cotransport in hepatocytes and intrahepatic cholangiocytes. Also may be important in protecting the renal paranchyma from alterations in urine pH; Belongs to the anion exchanger (TC 2.A.31) family.",stringdb:9606.ENSP00000251768,stringdb,protein,SLC4A5,MKVKEEKAGVGKLDHTNHRRRFPDQKECPPIHIGLPVPTYPQRKTDQKGHLSGLQKVHWGLRPDQPQQELTGPGSGASSQDSSMDLISRTRSPAAEQLQDILGEEDEAPNPTLFTEMDTLQHDGDQMEWKESARWIKFEEKVEEGGERWSKPHVSTLSLHSLFELRTCLQTGTVLLDLDSGSLPQIIDDVIEKQIEDGLLRPELRERVSYVLLRRHRHQTKKPIHRSLADIGKSVSTTNRSPARSPGAGPSLHHSTEDLRMRQSANYGRLCHAQSRSMNDISLTPNTDQRKNKFMKKIPKDSEASNVLVGEVDFLDQPFIAFVRLIQSAMLGGVTEVPVPTRFLFILLGPSGRAKSYNEIGRAIATLMVDDLFSDVAYKARNREDLIAGIDEFLDEVIVLPPGEWDPNIRIEPPKKVPSADKRKSVFSLAELGQMNGSVGGGGGAPGGGNGGGGGGGSGGGAGSGGAGGTSSGDDGEMPAMHEIGEELIWTGRFFGGLCLDIKRKLPWFPSDFYDGFHIQSISAILFIYLGCITNAITFGGLLGDATDNYQGVMESFLGTAMAGSLFCLFSGQPLIILSSTGPILIFEKLLFDFSKGNGLDYMEFRLWIGLHSAVQCLILVATDASFIIKYITRFTEEGFSTLISFIFIYDAIKKMIGAFKYYPINMDFKPNFITTYKCECVAPDTVNTTVFNASAPLAPDTNASLYNLLNLTALDWSLLSKKECLSYGGRLLGNSCKFIPDLALMSFILFFGTYSMTLTLKKFKFSRYFPTKVRALVADFSIVFSILMFCGIDACFGLETPKLHVPSVIKPTRPDRGWFVAPFGKNPWWVYPASILPALLVTILIFMDQQITAVIVNRKENKLKKAAGYHLDLFWVGILMALCSFMGLPWYVAATVISIAHIDSLKMETETSAPGEQPQFLGVREQRVTGIIVFILTGISVFLAPILKCIPLPVLYGVFLYMGVASLNGIQMGTGGSEFKIQKKLTPFWERCKLFLMPAKHQPDHAFLRHVPLRRIHLFTLVQILCLAVLWILKSTVAAIIFPVMILGLIIVRRLLDFIFSQHDLAWIDNILPEKEKKETDKKRKRKKGAHEDCDEEPQFPPPSVIKIPMESVQSDPQNGIHCIARKRSSSWSYSL,Homo sapiens
190129,9606.ENSP00000458570,9606.ENSP00000458570,False,PCDG4_HUMAN,,PCDHGA4,,9606.ENSP00000458570,Protocadherin gamma-A4; Potential calcium-dependent cell-adhesion protein. May be involved in the establishment and maintenance of specific neuronal connections in the brain.,stringdb:9606.ENSP00000458570,stringdb,protein,,MHFILDPEDPGAPQASTEGKPKHRRLRGGVVMAAPPARPDHTRLLQICLLLGVLVEIRAEQILYSVFEEQEEGSVVGNIAKDLGLAPRELAERGVRIVSRGRTQLFALNPRSGTLVTAGRIDREELCDRSPNCVTNLEILLEDTVKILRVEVEIIDVNDNPPSFGTEQREIKVAENENPGARFPLPEAFDPDVGVNSLQGYQLNSNGYFSLDVQSGADGIKYPELVLERALDREEEAVHHLVLTAFDGGDPVRSGTARILIILVDTNDNAPVFTQPEYHVSVRENVPVGTRLLTVKATDPDEGANGDVTYSFRKVRDKISQLFQLNSLSGDITILGGLDYEDSGFYDIDVEAHDGPGLRARSKVLVTVLDENDNAPEVTVTSLTSSVQESSSPGTVIALFNVHDSDSGGNGLVTCSIPDNLPFTLEKTYGNYYRLLTHRTLDREEVSEYNITVTATDQGTPPLSTETHISLQVMDINDNPPTFPHASYSAYIPENNPRGASILSMTAQDPDSGDNARITYSLAEDTFQGAPLSSYVSINSNTGILYALCSFDYEQFRDLQLLMTASDSGDPPLSSNVSLSLFVLDQNDNVPEILYPTFPTDGSTGVELAPRSADSGYLVTKVVAVDRDSGQNAWLSYSLLKSSEPGLFAVGLHTGEVRTARALLDRDALKQRLVVVVQDHGQPPLSATVTLTVAVADSIPDVLADLGSLKPSADPDDSGLTLYLVVAVAAVSCVFLAFVTVLLALKLRRWHKSRLLHAEGSRLAGVPASHFVGVDGVRAFLQTYSHEVSLTADSRKSHLIFSQPSYADTLISRESCEKSEPLLITQDLLETKGDPNLQQAPPNTDWRFSQAQRPGTSGSQNGDDTGTWPNNQFDTEMLQAMILASASEAADGSSTLGGGAGTMGLSARYGPQFTLQHVPDYRQNVYIPGSNATLTNAAGKRDGKAPAGGNGNKKKSGKKEKK,Homo sapiens
190390,9606.ENSP00000406209,9606.ENSP00000406209,False,EPN1_HUMAN,"rgb(117,147,239)",EPN1,,9606.ENSP00000406209,"Epsin-1; Binds to membranes enriched in phosphatidylinositol 4,5- bisphosphate (PtdIns(4,5)P2). Modifies membrane curvature and facilitates the formation of clathrin-coated invaginations (By similarity). Regulates receptor-mediated endocytosis.",stringdb:9606.ENSP00000406209,stringdb,protein,EPN1,MGDQSWLWNQAAPGVRSPVFACSVEKGNVPLVLSEHLAHSRDPGSGAVRFLISPEPWASAILGTSGLLASPVLPAALDAVTCQHLPQPSSGSRPISPRIGALCPLLLQPGTMSTSSLRRQMKNIVHNYSEAEIKVREATSNDPWGPSSSLMSEIADLTYNVVAFSEIMSMIWKRLNDHGKNWRHVYKAMTLMEYLIKTGSERVSQQCKENMYAVQTLKDFQYVDRDGKDQGVNVREKAKQLVALLRDEDRLREERAHALKTKEKLAQTATASSAAVGSGPPPEAEQAWPQSSGEEELQLQLALAMSKEEADQEERIRRGDDLRLQMAIEESKRETGGKEESSLMDLADVFTAPAPAPTTDPWGGPAPMAAAVPTAAPTSDPWGGPPVPPAADPWGGPAPTPASGDPWRPAAPAGPSVDPWGGTPAPAAGEGPTPDPWGSSDGGVPVSGPSASDPWTPAPAFSDPWGGSPAKPSTNGTTAAGGFDTEPDEFSDFDRLRTALPTSGSSAGELELLAGEVPARSPGAFDMSGVRGSLAEAVGSPPPAATPTPTPPTRKTPESFLGPNAALVDLDSLVSRPGPTPPGAKASNPFLPGGGPATGPSVTNPFQPAPPATLTLNQLRLSPVPPVPGAPPTYISPLGGGPGLPPMMPPGPPAPNTNPFLL,Homo sapiens
189883,9606.ENSP00000421801,9606.ENSP00000421801,False,HGFA_HUMAN,"rgb(117,165,239)",HGFAC,,9606.ENSP00000421801,Hepatocyte growth factor activator short chain; Activates hepatocyte growth factor (HGF) by converting it from a single chain to a heterodimeric form; Belongs to the peptidase S1 family.,stringdb:9606.ENSP00000421801,stringdb,protein,HGFAC,MGRWAWVPSPWPPPGLGPFLLLLLLLLLLPRGFQPQPGGNRTESPEPNATATPAIPTILVTSVTSETPATSAPEAEGPQSGGLPPPPRAVPSSSSPQAQALTEDGRPCRFPFRYGGRMLHACTSEGSAHRKWCATTHNYDRDRAWGYCVEATPPPGGPAALDPCASGPCLNGGSCSNTQDPQSYHCSCPRAFTGKDCGTEKCFDETRYEYLEGGDRWARVRQGHVEQCECFGGRTWCEGTRHTACLSSPCLNGGTCHLIVATGTTVCACPPGFAGRLCNIEPDERCFLGNGTGYRGVASTSASGLSCLAWNSDLLYQELHVDSVGAAALLGLGPHAYCRNPDNDERPWCYVVKDSALSWEYCRLEACDLETEGRESLTRVQLSPDLLATLPEPASPGRQACGRRHKKRTFLRPRIIGGSSSLPGSHPWLAAIYIGDSFCAGSLVHTCWVVSAAHCFSHSPPRDSVSVVLGQHFFNRTTDVTQTFGIEKYIPYTLYSVFNPSDHDLVLIRLKKKGDRCATRSQFVQPICLPEPGSTFPAGHKCQIAGWGHLDENVSGYSSSLREALVPLVADHKCSSPEVYGADISPNMLCAGYFDCKSDACQGDSGGPLACEKNGVAYLYGIISWGDGCGRLHKPGVYTRVANYVDWINDRIRPPRRLVAPS,Homo sapiens
189880,9606.ENSP00000293879,9606.ENSP00000293879,False,WDR90_HUMAN,"rgb(101,199,255)",WDR90,,9606.ENSP00000293879,WD repeat-containing protein 90; Required for efficient primary cilium formation.,stringdb:9606.ENSP00000293879,stringdb,protein,WDR90,MARAWQHPFLNVFRHFRVDEWKRSAKQGDVAVVTDKTLKGAVYRIRGSVSAANYIQLPKSSTQSLGLTGRYLYVLFRPLPSKHFVIHLDVSSKDNQVIRVSFSNLFKEFKSTATWLQFPLVLEARTPQRDLVGLAPSGARWTCLQLDLQDVLLVYLNRCYGHLKSIRLCASLLVRNLYTSDLCFEPAISGAQWAKLPVTPMPREMAFPVPKGESWHDRYIHVRFPSESLKVPSKPIEKSCSPPEAVLLGPGPQPLPCPVASSKPVRFSVSPVVQTPSPTASGRAALAPRPFPEVSLSQERSDASNADGPGFHSLEPWAQLEASDIHTAAAGTHVLTHESAEVPVARTGSCEGFLPDPVLRLKGVIGFGGHGTRQALWTPDGAAVVYPCHAVIVVLLVDTGEQRFFLGHTDKVSALALDGSSSLLASAQARAPSVMRLWDFQTGRCLCLFRSPMHVVCSLSFSDSGALLCGVGKDHHGRTMVVAWGTGQVGLGGEVVVLAKAHTDFDVQAFRVTFFDETRMASCGQGSVRLWRLRGGVLRSCPVDLGEHHALQFTDLAFKQARDGCPEPSAAMLFVCSRSGHILEIDCQRMVVRHARRLLPTRTPGGPHPQKQTFSSGPGIAISSLSVSPAMCAVGSEDGFLRLWPLDFSSVLLEAEHEGPVSSVCVSPDGLRVLSATSSGHLGFLDTLSRVYHMLARSHTAPVLALAMEQRRGQLATVSQDRTVRIWDLATLQQLYDFTSSEDAPCAVTFHPTRPTFFCGFSSGAVRSFSLEAAEVLVEHTCHRGAVTGLTATPDGRLLFSSCSQGSLAQYSCADPQWHVLRVAADMVCPDAPASPSALAVSRDGRLLAFVGPSRCTVTVMGSASLDELLRVDIGTLDLASSRLDSAMAVCFGPAALGHLLVSTSSNRVVVLDAVSGRIIRELPGVHPEPCPSLTLSEDARFLLIAAGRTIKVWDYATQASPGPQVYIGHSEPVQAVAFSPDQQQVLSAGDAVFLWDVLAPTESDQSFPGAPPACKTGPGAGPLEDAASRASELPRQQVPKPCQASPPRLGVCARPPEGGDGARDTRNSGAPRTTYLASCKAFTPARVSCSPHSAKGTCPPPASGGWLRLKAVVGYSGNGRANMVWRPDTGFFAYTCGRLVVVEDLHSGAQQHWSGHSAEISTLALSHSAQVLASASGRSSTTAHCQIRVWDVSGGLCQHLIFPHSTTVLALAFSPDDRLLVTLGDHDGRTLALWGTATYDLVSSTRLPEPVHGVAFNPWDAGELTCVGQGTVTFWLLQQRGADISLQVRREPVPEAVGAGELTSLCYGAPPLLYCGTSSGQVCVWDTRAGRCFLSWEADDGGIGLLLFSGSRLVSGSSTGRLRLWAVGAVSELRCKGSGASSVFMEHELVLDGAVVSASFDDSVDMGVVGTTAGTLWFVSWAEGTSTRLISGHRSKVNEVVFSPGESHCATCSEDGSVRVWALASMELVIQFQVLNQSCLCLAWSPPCCGRPEQQRLAAGYGDGSLRIFSVSRTAMELKMHPHPVALTTVAFSTDGQTVLSGDKDGLVAVSHPCTGTTFRVLSDHQGAPISTICVTCKECEDLGVEGTDLWLAASGDQRVSVWASDWLRNHCELVDWLSFPMPATTETQGHLPPSLAAFCPWDGALLMYVGPGVYKEVIIYNLCQKQVVEKIPLPFFAMSLSLSPGTHLLAVGFAECMLRLVDCAMGTAQDFAGHDNAVHLCRFTPSARLLFTAARNEILVWEVPGL,Homo sapiens
189625,9606.ENSP00000389160,9606.ENSP00000389160,False,NDUAB_HUMAN,,NDUFA11,,9606.ENSP00000389160,"NADH dehydrogenase [ubiquinone] 1 alpha subcomplex subunit 11; Accessory subunit of the mitochondrial membrane respiratory chain NADH dehydrogenase (Complex I), that is believed not to be involved in catalysis. Complex I functions in the transfer of electrons from NADH to the respiratory chain. The immediate electron acceptor for the enzyme is believed to be ubiquinone.",stringdb:9606.ENSP00000389160,stringdb,protein,,MAPKVFRQYWDIPDGTDCHRKAYSTTSIASVAGLTAAAYRVTLNPPGTFLEGVAKVGQYTFTAAAVGAVFGLTTCISAHVREKPDDPLNYFLGGCAGGLTLGARKTGSHCVVQAGLKLLASSSPHTSASQSAGIIGMSHCVQRFWVPSSSACLEVLSGESTDVHACSSTRGACNSSGSRPLPELGARASGSLRKGGHTHPAPRGAGALTPVQALIESLLNTLGSNPRT,Homo sapiens
190393,9606.ENSP00000454770,9606.ENSP00000454770,False,ANR66_HUMAN,"rgb(146,239,117)",ANKRD66,,9606.ENSP00000454770,Ankyrin repeat domain 66.,stringdb:9606.ENSP00000454770,stringdb,protein,ANKRD66,MDTTLRMVRTACQHRAPQISHKTGCSHISMHSPGGLTTTKMAGPLPRVSDSLFSAMELAKMSDMTKLHQAVAAGDYSLVKKILKKGLCDPNYKDVDWNDRTPLHWAAIKGQMEVIRLLIEYGARPCLVTSVGWTPAHFAAEAGHLNILKTLHALHAAIDAPDFFGDTPKRIAQIYGQKACVAFLEKAEPECQDHRCAAQQKGLPLDERDEDWDAKKRELELSLPSLNQNMNKKNKKSRGPTRPSNTKGRRV,Homo sapiens
189631,9606.ENSP00000301457,9606.ENSP00000301457,False,NDUA7_HUMAN,,NDUFA7,,9606.ENSP00000301457,"NADH dehydrogenase [ubiquinone] 1 alpha subcomplex subunit 7; Accessory subunit of the mitochondrial membrane respiratory chain NADH dehydrogenase (Complex I), that is believed not to be involved in catalysis. Complex I functions in the transfer of electrons from NADH to the respiratory chain. The immediate electron acceptor for the enzyme is believed to be ubiquinone.",stringdb:9606.ENSP00000301457,stringdb,protein,,MASATRLIQRLRNWASGHDLQGKLQLRYQEISKRTQPPPKLPVGPSHKLSNNYYCTRDGRRESVPPSIIMSSQKALVSGKPAESSAVAATEKKAVTPAPPIKRWELSSDQPYL,Homo sapiens
190399,9606.ENSP00000346733,9606.ENSP00000346733,False,ACAP3_HUMAN,"rgb(117,239,168)",ACAP3,,9606.ENSP00000346733,"Arf-GAP with coiled-coil, ANK repeat and PH domain-containing protein 3; GTPase-activating protein for the ADP ribosylation factor family.",stringdb:9606.ENSP00000346733,stringdb,protein,ACAP3,MTVEFEECVKDSPRFRATIDEVETDVVEIEAKLDKLVKLCSGMVEAGKAYVSTSRLFVSGVRDLSQQCQGDTVISECLQRFADSLQEVVNYHMILFDQAQRSVRQQLQSFVKEDVRKFKETKKQFDKVREDLELSLVRNAQAPRHRPHEVEEATGALTLTRKCFRHLALDYVLQINVLQAKKKFEILDSMLSFMHAQSSFFQQGYSLLHQLDPYMKKLAAELDQLVIDSAVEKREMERKHAAIQQRTLLQDFSYDESKVEFDVDAPSGVVMEGYLFKRASNAFKTWNRRWFSIQNSQLVYQKKLKDALTVVVDDLRLCSVKPCEDIERRFCFEVLSPTKSCMLQADSEKLRQAWVQAVQASIASAYRESPDSCYSERLDRTASPSTSSIDSATDTRERGVKGESVLQRVQSVAGNSQCGDCGQPDPRWASINLGVLLCIECSGIHRSLGVHCSKVRSLTLDSWEPELLKLMCELGNSAVNQIYEAQCEGAGSRKPTASSSRQDKEAWIKDKYVEKKFLRKAPMAPALEAPRRWRVQKCLRPHSSPRAPTARRKVRLEPVLPCVAALSSVGTLDRKFRRDSLFCPDELDSLFSYFDAGAAGAGPRSLSSDSGLGGSSDGSSDVLAFGSGSVVDSVTEEEGAESEESSGEADGDTEAEAWGLADVRELHPGLLAHRAARARDLPALAAALAHGAEVNWADAEDEGKTPLVQAVLGGSLIVCEFLLQNGADVNQRDSRGRAPLHHATLLGRTGQVCLFLKRGADQHALDQEQRDPLAIAVQAANADIVTLLRLARMAEEMREAEAAPGPPGALAGSPTELQFRRCIQEFISLHLEES,Homo sapiens
190396,9606.ENSP00000159087,9606.ENSP00000159087,False,ANO8_HUMAN,"rgb(239,237,117)",ANO8,,9606.ENSP00000159087,Anoctamin-8; Does not exhibit calcium-activated chloride channel (CaCC) activity.,stringdb:9606.ENSP00000159087,stringdb,protein,ANO8,MAEAASGAGGTSLEGERGKRPPPEGEPAAPASGVLDKLFGKRLLQAGRYLVSHKAWMKTVPTENCDVLMTFPDTTDDHTLLWLLNHIRVGIPELIVQVRHHRHTRAYAFFVTATYESLLRGADELGLRKAVKAEFGGGTRGFSCEEDFIYENVESELRFFTSQERQSIIRFWLQNLRAKQGEALHNVRFLEDQPIIPELAARGIIQQVFPVHEQRILNRLMKSWVQAVCENQPLDDICDYFGVKIAMYFAWLGFYTSAMVYPAVFGSVLYTFTEADQTSRDVSCVVFALFNVIWSTLFLEEWKRRGAELAYKWGTLDSPGEAVEEPRPQFRGVRRISPITRAEEFYYPPWKRLLFQLLVSLPLCLACLVCVFLLMLGCFQLQELVLSVKGLPRLARFLPKVMLALLVSVSAEGYKKLAIWLNDMENYRLESAYEKHLIIKVVLFQFVNSYLSLFYIGFYLKDMERLKEMLATLLITRQFLQNVREVLQPHLYRRLGRGELGLRAVWELARALLGLLSLRRPAPRRLEPQADEGGGGGSGGGGRRCLSGGCGAPEEEEEAALVERRRAGEGGEEGDGPPGGKEEDEDDEEEEDEEEEEDEEEGEEGGLLDCGLRLKKVSFAERGAGRRRPGPSPEALLEEGSPTMVEKGLEPGVFTLAEEDDEAEGAPGSPEREPPAILFRRAGGEGRDQGPDGGPDPEPGSNSDSTRRQRRQNRSSWIDPPEEEHSPQLTQAELESCMKKYEDTFQDYQEMFVQFGYVVLFSSAFPLAALCALVNNLIEIRSDAFKLCTGLQRPFGQRVESIGQWQKVMEAMGVLAIVVNCYLIGQCGQLQRLFPWLSPEAAIVSVVVLEHFALLLKYLIHVAIPDIPGWVAEEMAKLEYQRREAFKRHERQAQHRYQQQQRRRREEEERQRHAEHHARREHDSGGREEARAEGSGLDPATSSEKASAKAKGSTAGGHGPERPKRPGSLLAPNNVMKLKQIIPLQGKFLSSGATSSLAAAGAGATTRPPPAQSPTGSDTRLPAFLSFKFLKSPETRRDSERSHSPPKAFHAGKLFPFGGTRAEPGSNGAGGQARPDGTPSSGSSRVQRSGPVDEALAEELEAPRPEEEGSGTALAPVGAPALRTRRSRSPAPPPPMPLPRPPTPPAGCWQWDGPWGCGGEGAAPRQALAAAECPPCAMAGPPPAPQPLPGDASFYSLPPPPLPPTSDPLETPAPSPSPSPSPQAVCWPSGWH,Homo sapiens
190402,9606.ENSP00000351767,9606.ENSP00000351767,False,COKA1_HUMAN,"rgb(117,216,239)",COL20A1,,9606.ENSP00000351767,Collagen alpha-1(XX) chain; Probable collagen protein.,stringdb:9606.ENSP00000351767,stringdb,protein,COL20A1,MSSGDPAHLGLCLWLWLGATLGREQVQASGLLRLAVLPEDRLQMKWRESEGSGLGYLVQVKPMAGDSEQEVILTTKTPKATVGGLSPSKGYTLQIFELTGSGRFLLARREFVIEDLKSSSLDRSSQRPLGSGAPEPTPSHTGSPDPEQASEPQVAFTPSQDPRTPAGPQFRCLPPVPADMVFLVDGSWSIGHSHFQQVKDFLASVIAPFEIGPDKVQVGLTQYSGDAQTEWDLNSLSTKEQVLAAVRRLRYKGGNTFTGLALTHVLGQNLQPAAGLRPEAAKVVILVTDGKSQDDVHTAARVLKDLGVNVFAVGVKNADEAELRLLASPPRDITVHSVLDFLQLGALAGLLSRLICQRLQGGSPRQGPAAAPALDTLPAPTSLVLSQVTSSSIRLSWTPAPRHPLKYLIVWRASRGGTPREVVVEGPAASTELHNLASRTEYLVSVFPIYEGGVGEGLRGLVTTAPLPPPRALTLAAVTPRTVHLTWQPSAGATHYLVRCSPASPKGEEEEREVQVGRPEVLLDGLEPGRDYEVSVQSLRGPEGSEARGIRARTPTLAPPRHLGFSDVSHDAARVFWEGAPRPVRLVRVTYVSSEGGHSGQTEAPGNATSATLGPLSSSTTYTVRVTCLYPGGGSSTLTGRVTTKKAPSPSQLSMTELPGDAVQLAWVAAAPSGVLVYQITWTPLGEGKAHEISVPGNLGTAVLPGLGRHTEYDVTILAYYRDGARSDPVSLRYTPSTVSRSPPSNLALASETPDSLQVSWTPPLGRVLHYWLTYAPASGLGPEKSVSVPGARSHVTLPDLQAATKYRVLVSAIYAAGRSEAVSATGQTACPALRPDGSLPGFDLMVAFSLVEKAYASIRGVAMEPSAFGGTPTFTLFKDAQLTRRVSDVYPAPLPPEHTIVFLVRLLPETPREAFALWQMTAEDFQPLLGVLLDAGKKSLTYFHRDPRAALQEATFDPQEVRKIFFGSFHKVHVAVGRSKVRLYVDCRKVAERPLGEMGSPPAAGFVTLGRLAKARGPRSSSAAFQLQMLQIVCSDTWADEDRCCELPASRDGETCPAFVSACSCSSETPGPPGPQGPPGLPGRNGTPGEQGFPGPRGPPGVKGEKGDHGLPGLQGHPGHQGIPGRVGLQGPKGMRGLEGTAGLPGPPGPRGFQGMAGARGTSGERGPPGTVGPTGLPGPKGERGEKGEPQSLATLYQLVSQASHVSKFDSFHENTRPPMPILEQKLEPGTEPLGSPGTRSKALVPGEWGRGGRHLEGRGEPGAVGQMGSPGQQGASTQGLWE,Homo sapiens
189637,9606.ENSP00000369176,9606.ENSP00000369176,False,NDUB6_HUMAN,,NDUFB6,,9606.ENSP00000369176,"NADH dehydrogenase [ubiquinone] 1 beta subcomplex subunit 6; Accessory subunit of the mitochondrial membrane respiratory chain NADH dehydrogenase (Complex I), that is believed not to be involved in catalysis. Complex I functions in the transfer of electrons from NADH to the respiratory chain. The immediate electron acceptor for the enzyme is believed to be ubiquinone.",stringdb:9606.ENSP00000369176,stringdb,protein,,MTGYTPDEKLRLQQLRELRRRWLKDQELSPREPVLPPQKMGPMEKFWNKFLENKSPWRKMVHGVYKKSIFVFTHVLVPVWIIHYYMKYHVSEKPYGIVEKKSRIFPGDTILETGEVIPPMKEFPDQHH,Homo sapiens
190405,9606.ENSP00000495242,9606.ENSP00000495242,False,MY15B_HUMAN,"rgb(117,117,239)",MYO15B,,9606.ENSP00000495242,"Unconventional myosin-XVB; Unknown, due to the absence of a functional motor domain.",stringdb:9606.ENSP00000495242,stringdb,protein,MYO15B,MGRNQRKAPQRLERPGRPASGEQESGSASADGAPSRERRSDRGQADRAKPAAEPATAGGQGTPGGRRKPTAEGNGGCRRPGAGLSPKAQERQSNAQRQGRGPRGGRGGRLEEGSLSGGEELGGRRRRKRKDKGPSARRGRRTPRSLNGDTSGGDGGSSCPDSETREAQESGSQRGTARELRPTPEPTDMGSEGTKTGPESALEPSSDGLDSDWPHADTRGREGSSGTGPLGASEHSGGDSDSSPLGTGPGRGSRAAMASRTFEDSSRAPRDTGPAKDASDNRAQRGAEPETMQASTARAPRHQVGKAVGQVPAAAGEGEAGAAAGAGPEDPAPLAALLVVRRLLARPPPGAASQAVGPRRAGLKERLLSVARALGLLRWLRRRLRLRRRPPEGEGQGTGPRASEGWGRRKPDEGRGHGRGSKGRGRGKADEGRGHERGDEGRGRGKADEGRGHERGYEGRGCGKADEGRGHERGDEGRDHQRGYEGWGREPGLRHRLALRLAGLAGLGGMPRASPGGRSPQVPTSPVPGDPFDQEDETPDPKFAVVFPRIHRAGRASSSRSSEEASADAPTGEGRGWPRAGVGGHSEGCRTSGEGVSGLRRGSLLAPTAPDGPSLDESGSSSEAELETLNDEPPVRWAQGSGPHEGPRLGAAVLLPRLSLETRLQQEGDPGLRGSLRELWEPEDEDEAVLERDLELSLRPGLEAPPFPGAKGRSLGDGLEDMEDLARLRLVCDSSVLLCLKKRFHLGRIYTFGGPVLLVLNPHRSLPLFSPEVQASYHPRKALSTTPHIFAIVASAYDLAQNTGQDPCILLCGHSGSGKTEAAKKIMQFLSSLEQDQTGNRECQVEDMLPILSSFGHAKTILNANASRFGQVFCLYLQQGVIVGASVSHYLLETSRVVFQAQAERSFHVFYKLLAGLDSIERERLSLQGPETYYYLNQGQACRLQGKEDAQDFEGLLKALQGLGLCPEELNAVWAVLAAILQLGNICFSSSERESQEVAAVSSWAEIHTAARLLRVPPECLEGAVTRRVTETPYGQVSRSLPVESAFDARDALAKALYSRLFHRLLRRTNARLAPPGEGGSIGTVTVVDAYGFEALRVNGLEQLCNNLASERLQLFSSQMLLAQEEEECRRELLSWVPVPQPPRESCLDLLVDQPHSLLSILDAQTWLSQATDHTFLQKSHYHHGDHPSYAKPRLPLPVFTVRHYAGTVTYQVHKFLNRNRDQLDPAVVEMLGQSQLQLVGSLFQEAEPQSRGGRGRPTLASRFQQALEDLIARLGRSHVYFIQCLTPNPGKLPGLFDVGHVTEQLHQAAILEAVGTRSANFPVRVPFEAFLASFQALGSEGQEDLSDREKCGAVLSQVLGAESPLYHLGATKVLLQEQGWQRLEELRDQQRSQALVDLHRSFHTCISRQRVLPRMQARMRGFQARSAGVGARAEVGGPVFTHSSNSCWLTVCLIYPWARCWKRYLRRRAALGQLNTILLVAQPLLQRRQRLQLGRWQGWHSSERALERVPSMELGRLEIPAELAVMLKTAESHRDALAGSITECLPPEVPARPSLTLPADIDLFPFSSFVAIGFQEPSLPRPGQPLAKPLTQLDGDNPQRALDINKVMLRLLGDGSLESWQRQIMGAYLVRQGQCRPGLRNELFSQLVAQLWQNPDEQQSQRGWALMAVLLSAFPPLPVLQKPLLKFVSDQAPRGMAALCQHKLLGALEQSQLASGATRAHPPTQLEWLAGWRRGRMALDVFTFSEECYSAEVESWTTGEQLAGWILQSRDAWQDLAGCDFVLDLISQTEDLGDPARPRSYPITPLGSAEAIPLAPGIQAPSLPPGPPPGPAPTLPSRDHTGEVQRSGSLDGFLDQIFQPVISSGLSDLEQSWALSSRMKGGGAIGPTQQGYPMVYPGMIQMPAYQPGMVPAPMPMMPAMGTVPAMPAMVVPPQPPLPSLDAGQLAVQQQNFIQQQALILAQQMTAQAMSLSLEQQMQQRQQQARASEAASQASPSAVTSKPRKPPTPPEKPQRDLGSEGGCLRETSEEAEDRPYQPKSFQQKRNYFQRMGQPQITVRTMKPPAKVHIPQGEAQEEEEEEEEEEEQEEQEVETRAVPSPPPPPIVKKPLKQGGAKAPKEAEAEPAKETAAKGHGQGPAQGRGTVVRSSDSKPKRPQPSREIGNIIRMYQSRPGPVPVPVQPSRPPKAFLRKIDPKDEALAKLGINGAHSSPPMLSPSPGKGPPPAVAPRPKAPLQLGPSSSIKEKQGPLLDLFGQKLPIAHTPPPPPAPPLPLPEDPGTLSAERRCLTQPVEDQGVSTQLLAPSGSVCFSYTGTPWKLFLRKEVFYPRENFSHPYYLRLLCEQILRDTFSESCIRISQNERRKMKDLLGGLEVDLDSLTTTEDSVKKRIVVAARDNWANYFSRFFPVSGESGSDVQLLAVSHRALAHDPGLEVGAGGKVTSVHARSLRSFAEVLGVECRGGSTLELSLKSEQLVLHTARARAIEALVELFLNELKKDSGYVIALRSYITDNCSLLSFHRGDLIKLLPVATLEPGWQFGSAGGRSGLFPADIVQPAAAPDFSFSKEQRSGWHKGQLSNGEPGLARWDRASERPAHPWSQAHSDDSEATSLSSVAYAFLPDSHSYTMQEFARRYFRRSQALLGQTDGGAAGKDTDSLVQYTKAPIQESLLSLSDDVSKLAVASFLALMRFMGDQSKPRGKDEMDLLYELLKLCQQEKLRDEIYCQVIKQVTGHPRPEHCTRGWSFLSLLTGFFPPSTRLMPYLTKFLQDSGPSQELARSSQEHLQRTVKYGGRRRMPPPGEMKAFLVAAEVQEELCRQMGITEPQEVQEFALFLIKEKSQLVRPLQPAEYLNSVVVDQDVSLHSRRLHWETPLHFDNSTYISTHYSQVLWDYLQGKLPVSAKADAQLARLAALQHLSKANRNTPSGQDLLAYVPKQLQRQVNTASIKNLMGQELRRLEGHSPQEAQISFIADLGDQAEQVPGPQQSDFLPAPSPPAEAMSQLPLFGYTVYGVLRVSMQALSGPTLLGLNRQHLILMDPSSQSLYCRIALKSLQRLHLLSPLEEKGPPGLEVNYGSADNPQTIWFELPQAQELLYTTVFLIDSSASCTEWPSIN,Homo sapiens
189643,9606.ENSP00000346196,9606.ENSP00000346196,False,NDUV3_HUMAN,,NDUFV3,,9606.ENSP00000346196,"NADH dehydrogenase [ubiquinone] flavoprotein 3, mitochondrial; Accessory subunit of the mitochondrial membrane respiratory chain NADH dehydrogenase (Complex I), that is believed not to be involved in catalysis. Complex I functions in the transfer of electrons from NADH to the respiratory chain. The immediate electron acceptor for the enzyme is believed to be ubiquinone. May be the terminally assembled subunit of Complex I.",stringdb:9606.ENSP00000346196,stringdb,protein,,MAAPCLLRQGRAGALKTMLQEAQVFRGLASTVSLSAESGKSEKGQPQNSKKQSPPKNVVEPKERGKLLATQTAAELSKNLSSPSSYPPAVNKGRKVASPSPSGSVLFTDEGVPKFLSRKTLVEFPQKVLSPFRKQGSDSEARQVGRKVTSPSSSSSSSSSDSESDDEADVSEVTPRVVSKGRGGLRKPEASHSFENRAPRVTVSAKEKTLLQKPHVDITDPEKPHQPKKKGSPAKPSEGRENARPKTTMPRSQVDEEFLKQSLKEKQLQKTFRLNEIDKESQKPFEVKGPLPVHTKSGLSAPPKGSPAPAVLAEEARAEGQLQASPPGAAEGHLEKPVPEPQRKAAPPLPRKETSGTQGIEGHLKGGQAIVEDQIPPSNLETVPVENNHGFHEKTAALKLEAEGEAMEDAAAPGDDRGGTQEPAPVPAEPFDNTTYKNLQHHDYSTYTFLDLNLELSKFRMPQPSSGRESPRH,Homo sapiens
190411,9606.ENSP00000404151,9606.ENSP00000404151,False,C170B_HUMAN,"rgb(117,176,239)",CEP170B,,9606.ENSP00000404151,Centrosomal protein of 170 kDa protein B; Plays a role in microtubule organization.,stringdb:9606.ENSP00000404151,stringdb,protein,CEP170B,MSATSWFLVSSSGARHRLPRELIFVGREECELMLQSRSVDKQHAVINYDQDRDEHWVKDLGSLNGTFVNDMRIPDQKYVTLKLNDVIRFGYDSNMYVLERVQHRVPEEALKHEKYTSQLQVSVKGLAPKRSEALPEHTPYCEASNPRPEKGDRRPGTEAASYRTPLYGQPSWWGEDDGSTLPDAQRQGEPYPERPKGPVQQDGELHGFRAPAEPQGCSFRREPSYFEIPTKETPQPSQPPEVPAHEMPTKDAEAGGGGAAPVVQSHASFTIEFDDCSPGKMKIKDHITKFSLRQRRPPGKEATPGEMVSAETKVADWLVQNDPSLLHRVGPGDDRHSTKSDLPVHTRTLKGHKHEDGTQSDSEDPLAKAASAAGVPLEASGEQVRLQRQIKRDPQELLHNQQAFVIEFFDEDTPRKKRSQSFTHSPSGDPKADKRRGPTPADRDRPSVPAPVQAGGRSSGPQRAGSLKREKTEERLGSPSPASRTPARPFGSVGRRSRLAQDFMAQCLRESSPAARPSPEKVPPVLPAPLTPHGTSPVGPPTPPPAPTDPQLTKARKQEEDDSLSDAGTYTIETEAQDTEVEEARKMIDQVFGVLESPELSRASSATFRPVIRGDRDESDDGGVAQRMALLQEFASRPLGAAPQAEHQGLPVPGSPGGQKWVSRWASLADSYSDPGLTEDGLGRRGGEPEGSLPVRMRRRLPQLPSERADSPAGPESSRRSGPGPPELDSEQPSRLFGQEELDPDSLSDASGSDGGRGPEPGVEPQDSRRRSPQEGPTWSRGRRSPRAPGEPTPASFFIGDQNGDAVLSRKPLAAPGDGEGLGQTAQPSPPARDGVYVSANGRMVIQLRPGRSPEPDGPAPAFLRQESFTKEPASGPPAPGKPPHISSHPLLQDLAATRAARMDFHSQDTHLILKETETALAALEARLLSNSVDAECEGGSTPRPPEDALSGDSDVDTASTVSLRSGKSGPSPTTPQPLRAQKEMSPSPPAAQDPGGTALVSAREQSSERQHHPLGPTDMGRGEPVRRSAIRRGHRPRGSLDWPSEERGPVLAHLPSSDVMASNHETPEATGAGRLGSRRKPAAPPPSPAAREEQSRSSASSQKGPQALTRSNSLSTPRPTRASRLRRARLGDASDTEAADGERGSLGNPEPVGRPAAEQAKKLSRLDILAMPRKRAGSFTGTSDPEAAPARTSFSGRSVELCCASRKPTMAEARAVSRKAANTATTTGPRQPFSRARSGSARYTSTTQTPRAGSSSRARSRAPGPRDTDDDEEEPDPYGFIVQTAEIAEIARLSQTLVKDVAILAQEIHDVAGDGDTLGSSEPAHSASLSNMPSTPASTISAREELVQRIPEASLNFQKVPPGSLNSRDFDQNMNDSCEDALANKTRPRNREEVIFDNLMLNPVSQLSQAIRENTEHLAEKMKILFQNTGRAWEDLEARINAENEVPILKTSNKEISSILKELRRVQKQLEVINAIVDPSGSLDLLTGNRSLASSAQPGLGKGRVAAQSPPSPASAEALLPALPLRNFPQRASCGPPSLPDPTFLPDAERFLI,Homo sapiens
190408,9606.ENSP00000318270,9606.ENSP00000318270,False,PROM2_HUMAN,"rgb(239,172,117)",PROM2,,9606.ENSP00000318270,Prominin-2; Prominin 2.,stringdb:9606.ENSP00000318270,stringdb,protein,PROM2,MKHTLALLAPLLGLGLGLALSQLAAGATDCKFLGPAEHLTFTPAARARWLAPRVRAPGLLDSLYGTVRRFLSVVQLNPFPSELVKALLNELASVKVNEVVRYEAGYVVCAVIAGLYLLLVPTAGLCFCCCRCHRRCGGRVKTEHKALACERAALMVFLLLTTLLLLIGVVCAFVTNQRTHEQMGPSIEAMPETLLSLWGLVSDVPQELQAVAQQFSLPQEQVSEELDGVGVSIGSAIHTQLRSSVYPLLAAVGSLGQVLQVSVHHLQTLNATVVELQAGQQDLEPAIREHRDRLLELLQEARCQGDCAGALSWARTLELGADFSQVPSVDHVLHQLKGVPEANFSSMVQEENSTFNALPALAAMQTSSVVQELKKAVAQQPEGVRTLAEGFPGLEAASRWAQALQEVEESSRPYLQEVQRYETYRWIVGCVLCSVVLFVVLCNLLGLNLGIWGLSARDDPSHPEAKGEAGARFLMAGVGLSFLFAAPLILLVFATFLVGGNVQTLVCQSWENGELFEFADTPGNLPPSMNLSQLLGLRKNISIHQAYQQCKEGAALWTVLQLNDSYDLEEHLDINQYTNKLRQELQSLKVDTQSLDLLSSAARRDLEALQSSGLQRIHYPDFLVQIQRPVVKTSMEQLAQELQGLAQAQDNSVLGQRLQEEAQGLRNLHQEKVVPQQSLVAKLNLSVRALESSAPNLQLETSDVLANVTYLKGELPAWAARILRNVSECFLAREMGYFSQYVAWVREEVTQRIATCQPLSGALDNSRVILCDMMADPWNAFWFCLAWCTFFLIPSIIFAVKTSKYFRPIRKRLSSTSSEETQLFHIPRVTSLKL,Homo sapiens
190153,9606.ENSP00000393541,9606.ENSP00000393541,False,IFT27_HUMAN,"rgb(117,209,239)",IFT27,,9606.ENSP00000393541,"Intraflagellar transport protein 27 homolog; Small GTPase-like component of the intraflagellar transport (IFT) complex B that promotes the exit of the BBSome complex from cilia via its interaction with ARL6. Not involved in entry of the BBSome complex into cilium. Prevents aggregation of GTP-free ARL6. Required for hedgehog signaling. Forms a subcomplex within the IFT complex B with IFT25. Its role in intraflagellar transport is mainly seen in tissues rich in ciliated cells such as kidney and testis. Essential for male fertility, spermiogenesis and sperm flagella formation. Plays a rol [...] ",stringdb:9606.ENSP00000393541,stringdb,protein,IFT27,MVKLAAKCILAGDPAVGKTALAQIFRSDGAHFQKSYTLTTGMDLVVKTVPVPDTGDSVELFIFDSAGKELFSEMLDKLWESPNVLCLVYDVTNEESFNNCSKWLEKARSQAPGISLPGVLVGNKTDLAGRRAVDSAEARAWALGQGLECFETSVKEMENFEAPFHCLAKQFHQLYREKVEVFRALA,Homo sapiens
190414,9606.ENSP00000415034,9606.ENSP00000415034,False,NBEL2_HUMAN,"rgb(239,175,117)",NBEAL2,,9606.ENSP00000415034,"Neurobeachin-like protein 2; Probably involved in thrombopoiesis. Plays a role in the development or secretion of alpha-granules, that contain several growth factors important for platelet biogenesis. Belongs to the WD repeat neurobeachin family.",stringdb:9606.ENSP00000415034,stringdb,protein,NBEAL2,MAASERLYELWLLYYAQKDLGYLQQWLKAFVGAFKKSISLSSLEPRRPEEAGAEVPLLPLDELHVLAEQLHQADLEQALLLLKLFIILCRNLENIEAGRGQVLVPRVLALLTKLVAELKGCPPPQGRGTQLENVALHALLLCEGLFDPYQTWRRQRSGEVISSKEKSKYKFPPAALPQEFSAFFQESLQNADHLPPILLLRLIHLFCAVLAGGKENGQMAVSDGSVKGLLSVVRGWSRGPAPDPCLVPLALEALVGAVHVLHASRAPPRGPELRALLESYFHVLNADWPAGLSSGPEEALVTLRVSMLDAIPMMLACEDRPVLQATFLSNNCFEHLTRLIQNSKLYLQSRAPPEGDSDLATRLLTEPDVQKVLDQDTDAIAVHVVRVLTCIMSDSPSAKEVFKERIGYPHLQEVLQSHGPPTHRLLQELLNMAVEGDHSMCPPPPIRNEQPVLVLAQWLPSLPTAELRLFLAQRLRWLCDSCPASRATCVQAGLVGCLLETLSTGLALEARCQEQLLALLQALGRVSIRPMELRHLLRPRPGLDSEPGGAEAGKARHAGAVIRTLSGMARHQGPARALRYFDLTPSMAGIMVPPVQRWPGPGFTFHAWLCLHPMDTAPTPAPTRPLQRKQLYSFFTSSGSGFEAFFTAAGTLVVAVCTRKEYLTMSLPEVSFADSAWHCVAIVHVPGRRPFSQNLVHVYKDGHLVKTAPLRCPSLSEPFSSCCIGSAGYRTTTTTTGLPTPPVPATLAYTHPALTRSQSVPASTGLGWGSGLVAPLQEGSIDSTLAGTQDTRWGSPTSLEGELGAVAIFHEALQATALRTLCTLGPNETAPFKPEGELHELSTRLLLHYSPQACKNNICLDLSPSHGLDGRLTGHRVETWDVKDVVNCVGGMGALLPLLERVAAQPKEAEAGPAETHDLVGPELTSGHNTQGLVLPLGKSSEERMERNAVAAFLLMLRNFLQGHMVNQESLVQCQGPAIIGALLRKVPSWAMDMNVLMSAQLLMEQVAAEGSGPLLYLLYQHLLFNFHLWTLSDFAVRLGHIQYMSSIVREHRQKLRKKYGVQFILDALRTHYSPQRERPLAADDLRTVQTSLLGLAREFLVRSLSADDVQVTQTMLSFLAATGDDGQAVGALDLLLALLHGSLVQESLAVFLLEPGNLEVLLALLVRPGSLPLLPDRVCKILRRLQQNERLPERSRQRLRLRECGLQGLVACLPEGTVSPQLCQGLYKLFLGADCLNLSDLLAVVQLSLQADLSVRLDICRQLFHLIYGQPDVVRLLARQAGWQDVLTRLYVLEAATAGSPPPSSPESPTSPKPAPPKPPTESPAEPSDVFLPSEAPCPDPDGFYHALSPFCTPFDLGLERSSVGSGNTAGGGGSSGTLTPASQPGTPSPLDGPRPFPAAPGRHSSSLSNVLEDGSLPEPTISGDDTSNTSNPQQTSEEELCNLLTNVLFSVTWRGVEGSDEAAWRERGQVFSVLTQLGASATLVRPPDCIKRSLLEMMLESALTDIKEAPVGVLASLTQQALWLLRLLQDFLCAEGHGNQELWSEKLFEGVCSLLDRLGAWPHLANGTADLREMAQIGLRLVLGYILLEDPQLHAQAYVRLHMLLQTAVPARREEACYVLSKLEAALGRVLNTSSLESATDEAGSPLAAAAAAAAAERCSWLVPLVRTLLDRAYEPLGLQWGLPSLPPTNGSPTFFEDFQAFCATPEWRHFIDKQVQPTMSQFEMDTYAKSHDLMSGFWNACYDMLMSSGQRRQWERAQSRRAFQELVLEPAQRRARLEGLRYTAVLKQQATQHSMALLHWGALWRQLASPCGAWALRDTPIPRWKLSSAETYSRMRLKLVPNHHFDPHLEASALRDNLGEVPLTPTEEASLPLAVTKEAKVSTPPELLQEDQLGEDELAELETPMEAAELDEQREKLVLSAECQLVTVVAVVPGLLEVTTQNVYFYDGSTERVETEEGIGYDFRRPLAQLREVHLRRFNLRRSALELFFIDQANYFLNFPCKVGTTPVSSPSQTPRPQPGPIPPHTQVRNQVYSWLLRLRPPSQGYLSSRSPQEMLRASGLTQKWVQREISNFEYLMQLNTIAGRTYNDLSQYPVFPWVLQDYVSPTLDLSNPAVFRDLSKPIGVVNPKHAQLVREKYESFEDPAGTIDKFHYGTHYSNAAGVMHYLIRVEPFTSLHVQLQSGRFDCSDRQFHSVAAAWQARLESPADVKELIPEFFYFPDFLENQNGFDLGCLQLTNEKVGDVVLPPWASSPEDFIQQHRQALESEYVSAHLHEWIDLIFGYKQRGPAAEEALNVFYYCTYEGAVDLDHVTDERERKALEGIISNFGQTPCQLLKEPHPTRLSAEEAAHRLARLDTNSPSIFQHLDELKAFFAEVVSDGVPLVLALVPHRQPHSFITQGSPDLLVTVSASGLLGTHSWLPYDRNISNYFSFSKDPTMGSHKTQRLLSGPWVPGSGVSGQALAVAPDGKLLFSGGHWDGSLRVTALPRGKLLSQLSCHLDVVTCLALDTCGIYLISGSRDTTCMVWRLLHQGGLSVGLAPKPVQVLYGHGAAVSCVAISTELDMAVSGSEDGTVIIHTVRRGQFVAALRPLGATFPGPIFHLALGSEGQIVVQSSAWERPGAQVTYSLHLYSVNGKLRASLPLAEQPTALTVTEDFVLLGTAQCALHILQLNTLLPAAPPLPMKVAIRSVAVTKERSHVLVGLEDGKLIVVVAGQPSEVRSSQFARKLWRSSRRISQVSSGETEYNPTEAR,Homo sapiens
190156,9606.ENSP00000398211,9606.ENSP00000398211,False,TT21A_HUMAN,"rgb(117,239,160)",TTC21A,,9606.ENSP00000398211,Tetratricopeptide repeat protein 21A; Intraflagellar transport (IFT)-associated protein required for spermatogenesis. Required for sperm flagellar formation and intraflagellar transport. Belongs to the TTC21 family.,stringdb:9606.ENSP00000398211,stringdb,protein,TTC21A,MSSNDSSLMAGIIYYSQEKYFHHVQQAAAVGLEKFSNDPVLKFFKAYGVLKEEHIQDAISDLESIRHHPDVSLCSTMALIYAHKRCEIIDREAIQELEYSLKEIRKTVSGTALYYAGLFLWLIGRHDKAKEYIDRMLKISRGFREAYVLRGWVDLTSDKPHTAKKAIEYLEQGIQDTKDVLGLMGKAMYFMMQQNYSEALEVVNQITVTSGSFLPALVLKMQLFLARQDWEQTVEMGHRILEKDESNIDACQILTVHELAREGNMTTVSSLKTQKATNHVRNLIKALETREPENPSLHLKKIIVVSRLCGSHQVILGLVCSFIERTFMATPSYVHVATELGYLFILKNQVKEALLWYSEAMKLDKDGMAGLTGIILCHILEGHLEEAEYRLEFLKEVQKSLGKSEVLIFLQALLMSRKHKGEEETTALLKEAVELHFSSMQGIPLGSEYFEKLDPYFLVCIAKEYLLFCPKQPRLPGQIVSPLLKQVAVILNPVVKAAPALIDPLYLMAQVRYYSELENAQSILQRCLELDPASVDAHLLMCQIYLAQGNFGMCFHCLELGVSHNFQVRDHPLYHLIKARALNKAGDYPEAIKTLKMVIKLPALKKEEGRKFLRPSVQPSQRASILLELVEALRLNGELHEATKVMQDTINEFGGTPEENRITIANVDLVLSKGNVDVALNMLRNILPKQSCYMEAREKMANIYLQTLRDRRLYIRCYRELCEHLPGPHTSLLLGDALMSILEPEKALEVYDEAYRQNPHDASLASRIGHAYVKAHQYTEAIEYYEAAQKINGQDFLCCDLGKLLLKLKKVNKAEKVLKQALEHDIVQDIPSMMNDVKCLLLLAKVYKSHKKEAVIETLNKALDLQSRILKRVPLEQPEMIPSQKQLAASICIQFAEHYLAEKEYDKAVQSYKDVFSYLPTDNKVMLELAQLYLLQGHLDLCEQHCAILLQTEQNHETASVLMADLMFRKQKHEAAINLYHQVLEKAPDNFLVLHKLIDLLRRSGKLEDIPAFFELAKKVSSRVPLEPGFNYCRGIYCWHIGQPNEALKFLNKARKDSTWGQSAIYHMVQICLNPDNEVVGGEAFENQGAESNYMEKKELEQQGVSTAEKLLREFYPHSDSSQTQLRLLQGLCRLATREKANMEAALGSFIQIAQAEKDSVPALLALAQAYVFLKQIPKARMQLKRLAKTPWVLSEAEDLEKSWLLLADIYCQGSKFDLALELLRRCVQYNKSCYKAYEYMGFIMEKEQSYKDAVTNYKLAWKYSHHANPAIGFKLAFNYLKDKKFVEAIEICNDVLREHPDYPKIREEILEKARRSLRP,Homo sapiens
190417,9606.ENSP00000270310,9606.ENSP00000270310,False,FXYD7_HUMAN,"rgb(239,197,117)",FXYD7,,9606.ENSP00000270310,FXYD domain containing ion transport regulator 7; Belongs to the FXYD family.,stringdb:9606.ENSP00000270310,stringdb,protein,FXYD7,MATPTQTPTKAPEEPDPFYYDYNTVQTVGMTLATILFLLGILIVISKKVKCRKADSRSESPTCKSCKSELPSSAPGGGGV,Homo sapiens
190423,9606.ENSP00000498855,9606.ENSP00000498855,False,CAYP1_HUMAN,"rgb(124,239,117)",CAPS,,9606.ENSP00000498855,Calcyphosin; Calcium-binding protein. May play a role in cellular signaling events (Potential).,stringdb:9606.ENSP00000498855,stringdb,protein,CAPS,MQCHRDLALSQALWGWQLSKQSGWAHPSLPHSPLPSTVHSCSWAPPHLQRHLPLATVSPGTTQLTQGPAGRTLGQTQASCPEPRPSMDAVDATMEKLRAQCLSRGASGIQGLARFFRQLDRDGSRSLDADEFRQGLAKLGLVLDQAEAEGVCRKWDRNGSGTLDLEEFLRALRPPMSQAREAVIAAAFAKLDRSGDGVVTVDDLRGVYSGRAHPKVRSGEWTEDEVLRRFLDNFDSSEKDGQVTLAEFQDYYSGVSASMNTDEEFVAMMTSAWQL,Homo sapiens
190420,9606.ENSP00000276651,9606.ENSP00000276651,False,DPYS_HUMAN,"rgb(239,208,117)",DPYS,,9606.ENSP00000276651,"Dihydropyrimidinase; Catalyzes the second step of the reductive pyrimidine degradation, the reversible hydrolytic ring opening of dihydropyrimidines. Can catalyze the ring opening of 5,6-dihydrouracil to N-carbamyl-alanine and of 5,6-dihydrothymine to N-carbamyl-amino isobutyrate.",stringdb:9606.ENSP00000276651,stringdb,protein,DPYS,MAAPSRLLIRGGRVVNDDFSEVADVLVEDGVVRALGHDLLPPGGAPAGLRVLDAAGKLVLPGGIDTHTHMQFPFMGSRSIDDFHQGTKAALSGGTTMIIDFAIPQKGGSLIEAFETWRSWADPKVCCDYSLHVAVTWWSDQVKEEMKILVQDKGVNSFKMFMAYKDLYMVTDLELYEAFSRCKEIGAIAQVHAENGDLIAEGAKKMLALGITGPEGHELCRPEAVEAEATLRAITIASAVNCPLYIVHVMSKSAAKVIADARRDGKVVYGEPIAASLGTDGTHYWNKEWHHAAHHVMGPPLRPDPSTPDFLMNLLANDDLTTTGTDNCTFNTCQKALGKDDFTKIPNGVNGVEDRMSVIWEKGVHSGKMDENRFVAVTSTNAAKIFNLYPRKGRIAVGSDADIVIWDPKGTRTISAKTHHQAVNFNIFEGMVCHGVPLVTISRGKVVYEAGVFSVTAGDGKFIPRKPFAEYIYKRIKQRDRTCTPTPVERAPYKGEVATLKSRVTKEDATAGTRKQAHP,Homo sapiens
190426,9606.ENSP00000262394,9606.ENSP00000262394,False,WSB1_HUMAN,"rgb(150,101,255)",WSB1,,9606.ENSP00000262394,WD repeat and SOCS box-containing protein 1; Probable substrate-recognition component of a SCF-like ECS (Elongin-Cullin-SOCS-box protein) E3 ubiquitin ligase complex which mediates the ubiquitination and subsequent proteasomal degradation of target proteins. Recognizes type II iodothyronine deiodinase/DIO2. Confers constitutive instability to HIPK2 through proteasomal degradation.,stringdb:9606.ENSP00000262394,stringdb,protein,WSB1,MASFPPRVNEKEIVRLRTIGELLAPAAPFDKKCGRENWTVAFAPDGSYFAWSQGHRTVKLVPWSQCLQNFLLHGTKNVTNSSSLRLPRQNSDGGQKNKPREHIIDCGDIVWSLAFGSSVPEKQSRCVNIEWHRFRFGQDQLLLATGLNNGRIKIWDVYTGKLLLNLVDHTEVVRDLTFAPDGSLILVSASRDKTLRVWDLKDDGNMMKVLRGHQNWVYSCAFSPDSSMLCSVGASKAVFLWNMDKYTMIRKLEGHHHDVVACDFSPDGALLATASYDTRVYIWDPHNGDILMEFGHLFPPPTPIFAGGANDRWVRSVSFSHDGLHVASLADDKMVRFWRIDEDYPVQVAPLSNGLCCAFSTDGSVLAAGTHDGSVYFWATPRQVPSLQHLCRMSIRRVMPTQEVQELPIPSKLLEFLSYRI,Homo sapiens
190429,9606.ENSP00000493200,9606.ENSP00000493200,False,OR7D2_HUMAN,"rgb(239,164,117)",OR7D2,,9606.ENSP00000493200,Olfactory receptor 7D2; Odorant receptor; Belongs to the G-protein coupled receptor 1 family.,stringdb:9606.ENSP00000493200,stringdb,protein,OR7D2,MEAGNQTGFLEFILLGLSEDPELQPFIFGLFLSMYLVTVLGNLLIILAISSDSHLHTPMYFFLSNLSWVDICFSTCIVPKMLVNIQTENKAISYMDCLTQVYFSMFFPILDTLLLTVMAYDRFVAVCHPLHYMIIMNPHLCGLLVFVTWLIGVMTSLLHISLMMHLIFCKDFEIPHFFCELTYILQLACSDTFLNSTLIYFMTGVLGVFPLLGIIFSYSRIASSIRKMSSSGGKQKALSTCGSHLSVVSLFYGTGIGVHFTSAVTHSSQKISVASVMYTVVTPMLNPFIYSLRNKDVKGALGSLLSRAASCL,Homo sapiens
189922,9606.ENSP00000311344,9606.ENSP00000311344,False,2AAB_HUMAN,"rgb(101,255,163)",PPP2R1B,,9606.ENSP00000311344,Serine/threonine-protein phosphatase 2A 65 kDa regulatory subunit A beta isoform; The PR65 subunit of protein phosphatase 2A serves as a scaffolding molecule to coordinate the assembly of the catalytic subunit and a variable regulatory B subunit.,stringdb:9606.ENSP00000311344,stringdb,protein,PPP2R1B,MAGASELGTGPGAAGGDGDDSLYPIAVLIDELRNEDVQLRLNSIKKLSTIALALGVERTRSELLPFLTDTIYDEDEVLLALAEQLGNFTGLVGGPDFAHCLLPPLENLATVEETVVRDKAVESLRQISQEHTPVALEAYFVPLVKRLASGDWFTSRTSACGLFSVCYPRASNAVKAEIRQQFRSLCSDDTPMVRRAAASKLGEFAKVLELDSVKSEIVPLFTSLASDEQDSVRLLAVEACVSIAQLLSQDDLETLVMPTLRQAAEDKSWRVRYMVADRFSELQKAMGPKITLNDLIPAFQNLLKDCEAEVRAAAAHKVKELGENLPIEDRETIIMNQILPYIKELVSDTNQHVKSALASVIMGLSTILGKENTIEHLLPLFLAQLKDECPDVRLNIISNLDCVNEVIGIRQLSQSLLPAIVELAEDAKWRVRLAIIEYMPLLAGQLGVEFFDEKLNSLCMAWLVDHVYAIREAATNNLMKLVQKFGTEWAQNTIVPKVLVMANDPNYLHRMTTLFCINALSEACGQEITTKQMLPIVLKMAGDQVANVRFNVAKSLQKIGPILDTNALQGEVKPVLQKLGQDEDMDVKYFAQEAISVVAQRLRKLEFPVKDSGEPSVPRADKNHFPRPTVPGEDMGKGPVYQLRGDTRDTLAQLGIAELVHFSQSTD,Homo sapiens
190435,9606.ENSP00000304376,9606.ENSP00000304376,False,RAB24_HUMAN,"rgb(117,117,239)",RAB24,,9606.ENSP00000304376,Ras-related protein Rab-24; May be involved in autophagy-related processes. Belongs to the small GTPase superfamily. Rab family.,stringdb:9606.ENSP00000304376,stringdb,protein,RAB24,MSGQRVDVKVVMLGKEYVGKTSLVERYVHDRFLVGPYQNTIGAAFVAKVMSVGDRTVTLGIWDTAGSERYEAMSRIYYRGAKAAIVCYDLTDSSSFERAKFWVKELRSLEEGCQIYLCGTKSDLLEEDRRRRRVDFHDVQDYADNIKAQLFETSSKTGQSVDELFQKVAEDYVSVAAFQVMTEDKGVDLGQKPNPYFYSCCHH,Homo sapiens
190432,9606.ENSP00000348632,9606.ENSP00000348632,False,HOIL1_HUMAN,"rgb(239,142,117)",RBCK1,,9606.ENSP00000348632,"RanBP-type and C3HC4-type zinc finger-containing protein 1; E3 ubiquitin-protein ligase, which accepts ubiquitin from specific E2 ubiquitin-conjugating enzymes, such as UBE2L3/UBCM4, and then transfers it to substrates. Functions as an E3 ligase for oxidized IREB2 and both heme and oxygen are necessary for IREB2 ubiquitination. Promotes ubiquitination of TAB2 and IRF3 and their degradation by the proteasome. Component of the LUBAC complex which conjugates linear ('Met-1'-linked) polyubiquitin chains to substrates and plays a key role in NF-kappa-B activation and regulation of inflammat [...] ",stringdb:9606.ENSP00000348632,stringdb,protein,RBCK1,MDEKTKKAEEMALSLTRAVAGGDEQVAMKCAIWLAEQRVPLSVQLKPEVSPTQDIRLWVSVEDAQMHTVTIWLTVRPDMTVASLKDMVFLDYGFPPVLQQWVIGQRLARDQETLHSHGVRQNGDSAYLYLLSARNTSLNPQELQRERQLRMLEDLGFKDLTLQPRGPLEPGPPKPGVPQEPGRGQPDAVPEPPPVGWQCPGCTFINKPTRPGCEMCCRARPEAYQVPASYQPDEEERARLAGEEEALRQYQQRKQQQQEGNYLQHVQLDQRSLVLNTEPAECPVCYSVLAPGEAVVLRECLHTFCRECLQGTIRNSQEAEVSCPFIDNTYSCSGKLLEREIKALLTPEDYQRFLDLGISIAENRSAFSYHCKTPDCKGWCFFEDDVNEFTCPVCFHVNCLLCKAIHEQMNCKEYQEDLALRAQNDVAARQTTEMLKVMLQQGEAMRCPQCQIVVQKKDGCDWIRCTVCHTEICWVTKGPRWGPGGPGDTSGGCRCRVNGIPCHPSCQNCH,Homo sapiens
190438,9606.ENSP00000330838,9606.ENSP00000330838,False,ZN775_HUMAN,"rgb(117,201,239)",ZNF775,,9606.ENSP00000330838,Zinc finger protein 775; May be involved in transcriptional regulation; Belongs to the krueppel C2H2-type zinc-finger protein family.,stringdb:9606.ENSP00000330838,stringdb,protein,ZNF775,MESGLAGNGTGAGLVMKVKQEKPERLLQTLAPQAMLVEKDKENIFQQHRGLPPRQTMGRPRALGGQEESGSPRWAPPTEQDAGLAGRAPGSASGPLSPSLSSGEGHFVCLDCGKRFSWWSSLKIHQRTHTGEKPYLCGKCGKSFSQKPNLARHQRHHTGERPFCCPECARRFSQKQHLLKHQKTHSRPATHSCPECERCFRHQVGLRIHQRAHARDRQGSRAGLHELIQDAAARRACRLQPGPPRGRPEWAWLGLCQGWWGQPGARAAVSGPEGPGEPRQFICNECGKSFTWWSSLNIHQRIHTGERPYACPECGRRFSQKPNLTRHLRNHTGERPHPCPHCGRGFRQKQHLLKHLRTHLPGAQAAPCPSCGKSCRSRAALRAHQRAHAVAEPAVPAGEPGDQPQAEAIPGLAARPRSSQRSPGARDTLWGRGQAGLAGPGEPRQFICNECGKSFSWWSALTIHQRIHTGERPYPCPECGRRFSQKPNLTRHRRNHTGERPYLCPACGRGFSQKQHLLKHQRVHRAAPACSPKEEAR,Homo sapiens
189925,9606.ENSP00000368166,9606.ENSP00000368166,False,DVL1_HUMAN,"rgb(117,239,200)",DVL1,,9606.ENSP00000368166,Segment polarity protein dishevelled homolog DVL-1; Participates in Wnt signaling by binding to the cytoplasmic C-terminus of frizzled family members and transducing the Wnt signal to down-stream effectors. Plays a role both in canonical and non-canonical Wnt signaling. Plays a role in the signal transduction pathways mediated by multiple Wnt genes. Required for LEF1 activation upon WNT1 and WNT3A signaling. DVL1 and PAK1 form a ternary complex with MUSK which is important for MUSK-dependent regulation of AChR clustering during the formation of the neuromuscular junction (NMJ).,stringdb:9606.ENSP00000368166,stringdb,protein,DVL1,MAETKIIYHMDEEETPYLVKLPVAPERVTLADFKNVLSNRPVHAYKFFFKSMDQDFGVVKEEIFDDNAKLPCFNGRVVSWLVLAEGAHSDAGSQGTDSHTDLPPPLERTGGIGDSRPPSFHPNVASSRDGMDNETGTESMVSHRRERARRRNREEAARTNGHPRGDRRRDVGLPPDSASTALSSELESSSFVDSDEDGSTSRLSSSTEQSTSSRLIRKHKRRRRKQRLRQADRASSFSSITDSTMSLNIVTVTLNMERHHFLGISIVGQSNDRGDGGIYIGSIMKGGAVAADGRIEPGDMLLQVNDVNFENMSNDDAVRVLREIVSQTGPISLTVAKCWDPTPRSYFTVPRADPVRPIDPAAWLSHTAALTGALPRYGTSPCSSAVTRTSSSSLTSSVPGAPQLEEAPLTVKSDMSAVVRVMQLPDSGLEIRDRMWLKITIANAVIGADVVDWLYTHVEGFKERREARKYASSLLKHGFLRHTVNKITFSEQCYYVFGDLCSNLATLNLNSGSSGTSDQDTLAPLPHPAAPWPLGQGYPYQYPGPPPCFPPAYQDPGFSYGSGSTGSQQSEGSKSSGSTRSSRRAPGREKERRAAGAGGSGSESDHTAPSGVGSSWRERPAGQLSRGSSPRSQASATAPGLPPPHPTTKAYTVVGGPPGGPPVRELAAVPPELTGSRQSFQKAMGNPCEFFVDIM,Homo sapiens
189931,9606.ENSP00000318641,9606.ENSP00000318641,False,INT3_HUMAN,,INTS3,,9606.ENSP00000318641,"Integrator complex subunit 3; Component of the Integrator (INT) complex. The Integrator complex is involved in the small nuclear RNAs (snRNA) U1 and U2 transcription and in their 3'-box-dependent processing. The Integrator complex is associated with the C-terminal domain (CTD) of RNA polymerase II largest subunit (POLR2A) and is recruited to the U1 and U2 snRNAs genes (Probable). Mediates recruitment of cytoplasmic dynein to the nuclear envelope, probably as component of the INT complex.",stringdb:9606.ENSP00000318641,stringdb,protein,,MELQKGKGAAAAAAASGAAGGGGGGAGAGAPGGGRLLLSTSLDAKDELEERLERCMSIVTSMTAGVSEREANDALNAYVCKGLPQHEEICLGLFTLILTEPAQAQKCYRDLALVSRDGMNIVLNKINQILMEKYLKLQDTCRTQLVWLVRELVKSGVLGADGVCMTFMKQIAGGDVTAKNIWLAESVLDILTEQREWVLKSSILIAMAVYTYLRLIVDHHGTAQLQALRQKEVDFCISLLRERFMECLMIGRDLVRLLQNVARIPEFELLWKDIIHNPQALSPQFTGILQLLQSRTSRKFLACRLTPDMETKLLFMTSRVRFGQQKRYQDWFQRQYLSTPDSQSLRCDLIRYICGVVHPSNEVLSSDILPRWAIIGWLLTTCTSNVAASNAKLALFYDWLFFSPDKDSIMNIEPAILVMHHSMKPHPAITATLLDFMCRIIPNFYPPLEGHVRQGVFSSLNHIVEKRVLAHLAPLFDNPKLDKELRAMLREKFPEFCSSPSPPVEVKIEEPVSMEMDNHMSDKDESCYDNAEAAFSDDEEDLNSKGKKREFRFHPIKETVVEEPVDITPYLDQLDESLRDKVLQLQKGSDTEAQCEVMQEIVDQVLEEDFDSEQLSVLASCLQELFKAHFRGEVLPEEITEESLEESVGKPLYLIFRNLCQMQEDNSSFSLLLDLLSELYQKQPKIGYHLLYYLRASKAAAGKMNLYESFAQATQLGDLHTCLMMDMKACQEDDVRLLCHLTPSIYTEFPDETLRSGELLNMIVAVIDSAQLQELVCHVMMGNLVMFRKDSVLNILIQSLDWETFEQYCAWQLFLAHNIPLETIIPILQHLKYKEHPEALSCLLLQLRREKPSEEMVKMVLSRPCHPDDQFTTSILRHWCMKHDELLAEHIKSLLIKNNSLPRKRQSLRSSSSKLAQLTLEQILEHLDNLRLNLTNTKQNFFSQTPILQALQHVQASCDEAHKMKFSDLFSLAEEYEDSSTKPPKSRRKAALSSPRSRKNATQPPNAEEESGSSSASEEEDTKPKPTKRKRKGSSAVGSDSD,Homo sapiens
190441,9606.ENSP00000368389,9606.ENSP00000368389,False,NGRN_HUMAN,"rgb(117,179,239)",NGRN,,9606.ENSP00000368389,"Neugrin; Plays an essential role in mitochondrial ribosome biogenesis. As a component of a functional protein-RNA module, consisting of RCC1L, NGRN, RPUSD3, RPUSD4, TRUB2, FASTKD2 and 16S mitochondrial ribosomal RNA (16S mt-rRNA), controls 16S mt-rRNA abundance and is required for intra-mitochondrial translation of core subunits of the oxidative phosphorylation system.",stringdb:9606.ENSP00000368389,stringdb,protein,NGRN,MAVTLSLLLGGRVCAAVTRCGFATRGVAGPGPIGREPDPDSDWEPEERELQEVESTLKRQKQAIRFQKIRRQMEAPGAPPRTLTWEAMEQIRYLHEEFPESWSVPRLAEGFDVSTDVIRRVLKSKFLPTLEQKLKQDQKVLKKAGLAHSLQHLRGSGNTSKLLPAGHSVSGSLLMPGHEASSKDPNHSTALKVIESDTHRTNTPRRRKGRNKEIQDLEESFVPVAAPLGHPRELQKYSSDSESPRGTGSGALPSGQKLEELKAEEPDNFSSKVVQRGREFFDSNGNFLYRI,Homo sapiens
189679,9606.ENSP00000230361,9606.ENSP00000230361,False,GUC1B_HUMAN,"rgb(117,239,127)",GUCA1B,,9606.ENSP00000230361,"Guanylyl cyclase-activating protein 2; Stimulates two retinal guanylyl cyclases (GCs) GUCY2D and GUCY2F when free calcium ions concentration is low, and inhibits GUCY2D and GUCY2F when free calcium ions concentration is elevated (By similarity). This Ca(2+)-sensitive regulation of GCs is a key event in recovery of the dark state of rod photoreceptors following light exposure (By similarity). May be involved in cone photoreceptor response and recovery of response in bright light (By similarity).",stringdb:9606.ENSP00000230361,stringdb,protein,GUCA1B,MGQEFSWEEAEAAGEIDVAELQEWYKKFVMECPSGTLFMHEFKRFFKVTDDEEASQYVEGMFRAFDKNGDNTIDFLEYVAALNLVLRGTLEHKLKWTFKIYDKDGNGCIDRLELLNIVEGIYQLKKACRRELQTEQGQLLTPEEVVDRIFLLVDENGDGQLSLNEFVEGARRDKWVMKMLQMDMNPSSWLAQQRRKSAMF,Homo sapiens
190447,9606.ENSP00000263915,9606.ENSP00000263915,False,GRB14_HUMAN,"rgb(117,239,146)",GRB14,,9606.ENSP00000263915,"Growth factor receptor-bound protein 14; Adapter protein which modulates coupling of cell surface receptor kinases with specific signaling pathways. Binds to, and suppresses signals from, the activated insulin receptor (INSR). Potent inhibitor of insulin-stimulated MAPK3 phosphorylation. Plays a critical role regulating PDPK1 membrane translocation in response to insulin stimulation and serves as an adapter protein to recruit PDPK1 to activated insulin receptor, thus promoting PKB/AKT1 phosphorylation and transduction of the insulin signal.",stringdb:9606.ENSP00000263915,stringdb,protein,GRB14,MTTSLQDGQSAASRAAARDSPLAAQVCGAAQGRGDAHDLAPAPWLHARALLPLPDGTRGCAADRRKKKDLDVPEMPSIPNPFPELCCSPFTSVLSADLFPKANSRKKQVIKVYSEDETSRALDVPSDITARDVCQLLILKNHYIDDHSWTLFEHLPHIGVERTIEDHELVIEVLSNWGIEEENKLYFRKNYAKYEFFKNPMYFFPEHMVSFATETNGEISPTQILQMFLSSSTYPEIHGFLHAKEQGKKSWKKIYFFLRRSGLYFSTKGTSKEPRHLQFFSEFGNSDIYVSLAGKKKHGAPTNYGFCFKPNKAGGPRDLKMLCAEEEQSRTCWVTAIRLLKYGMQLYQNYMHPYQGRSGCSSQSISPMRSISENSLVAMDFSGQKSRVIENPTEALSVAVEEGLAWRKKGCLRLGTHGSPTASSQSSATNMAIHRSQPWFHHKISRDEAQRLIIQQGLVDGVFLVRDSQSNPKTFVLSMSHGQKIKHFQIIPVEDDGEMFHTLDDGHTRFTDLIQLVEFYQLNKGVLPCKLKHYCARIAL,Homo sapiens
190444,9606.ENSP00000343064,9606.ENSP00000343064,False,GOG8B_HUMAN,"rgb(117,239,171)",GOLGA8B,,9606.ENSP00000343064,Golgin subfamily A member 8B; May be involved in maintaining Golgi structure. Belongs to the GOLGA8 family.,stringdb:9606.ENSP00000343064,stringdb,protein,GOLGA8B,MAEETGQSKLAAAKKKFKEYWQRNRPGVPAAAKRNTKANGSSPETAASGGCHSSEASSSASSSLHARQSPCQEQAAVLNSRSIKISRLNDTIKSLKQQKKQVEHQLEEEKKANNEKQKAERELEGQIQRLNTEKKKLNTDLYHMKHSLRYFEEESKDLAGRLQRSSQRIGELEWSLCAVAATQKKKPDGFSSRSKALLKRQLEQSIREQILLKGHVTQLKESLKEVQLERDQYAEQIKGERAQWQQRMRKMSQEVCTLKEEKKHDTHRVEELERSLSRLKNQMAEPLPPDAPAVSSEVELQDLRKELERVAGELQAQVENNQCISLLNRGQKERLREQEERLQEQQERLREREKRLQQLAEPQSDLEELKHENKSALQLEQQVKELQEKLGQVMETLTSAEKEPEAAVPASGTGGESSGLMDLLEEKADLREHVEKLELGFIQYRRERCHQKVHRLLTEPGDSAKDASPGGGHHQAGPGQGGEEGEAAGAAGDGVAACGSYSEGHGKFLAAARNPAAEPSPGAPAPQELGAADKHGDLCEASLTNSVEPAQGEAREGSSQDNPTAQPVLQLLGEMQDHQEHPGLGSNCCVPCFCWAWLPRRRR,Homo sapiens
190189,9606.ENSP00000429601,9606.ENSP00000429601,False,PCDG6_HUMAN,"rgb(117,158,239)",PCDHGA6,,9606.ENSP00000429601,Protocadherin gamma-A6; Potential calcium-dependent cell-adhesion protein. May be involved in the establishment and maintenance of specific neuronal connections in the brain.,stringdb:9606.ENSP00000429601,stringdb,protein,PCDHGA6,MAPPQRHPQRSEQVLLLTLLGTLWGAAAAQIRYSIPEELEKGSFVGNIVKDLGLEPQELAEHGVRIVSRGRMQLFSLNPRNGSLVTAGRIDREELCAQSPRCLVSFNILVEDKLNLYPVEVEIVDINDNTPRFLKEELEVKILENAAPSSRFPLMEVYDPDVGMNSLQGFKLSGNSHFSVDVQSEAHGPKYPELVLEGTLDREGEAVYRLVLTAMDGGDPVRSSVAQILVTVLDVNDNTPMFTQPVYRVSVPENLPVGTPVLAVTATDQDEGVHGEVTYSFVKITEKISQIFCLNVLTGEISTSANLDYEDSSFYELGVEARDGPGLRDRAKVLITILDVNDNVPEVVVTSGSRTIAESAPPGTVIALFQVFDRDSGLNGLVTCSIPRSLPFELEKSVGNYYRLVTNAALDREEVFLYNITVTATDKGTPPLSTETIISLNVADTNDNPPTFPHSSYSVYVLENNPRGASIFSVNALDPDVDQNAQVSYSLAEDTLQGAPLSSYVSINSDTGILYALRSFDYEQLRDLQLWVTASDSGDPPLSSNVSLSLFVLDQNDNAPEILYPALPTDGSTGVELAPRSAEPGYLVTKVVAVDRDSGQNAWLSYRLLKASEPGLFSVGLHTGEVRTARALLDRDALKQSLVVAVQDHGQPPLSATVTLTVAVADRIPDILADLGSLEPSAKPNDSDLTLYLVVAVAAVSCVFLAFVIVLLALRLQRWHKSRLLQASGGGLASMPGSHFVGVEGVRAFLQTYSHEVSLTADSRKSHLIFPQPNYADTLINQESYEKSEPLLITQDLLETKGEPRQLQQAPPNTDWRFSQAQRPGTSGSQNGDDTGTWPNNQFDTEMLQAMILASASEAADGSSTLGGGAGTMGLSARYGPQFTLQHVPDYRQNVYIPGSNATLTNAAGKRDGKAPAGGNGNKKKSGKKEKK,Homo sapiens
189682,9606.ENSP00000262340,9606.ENSP00000262340,False,RPE65_HUMAN,"rgb(239,182,117)",RPE65,,9606.ENSP00000262340,"Retinoid isomerohydrolase; Critical isomerohydrolase in the retinoid cycle involved in regeneration of 11-cis-retinal, the chromophore of rod and cone opsins. Catalyzes the cleavage and isomerization of all-trans-retinyl fatty acid esters to 11-cis-retinol which is further oxidized by 11-cis retinol dehydrogenase to 11-cis-retinal for use as visual chromophore. Essential for the production of 11-cis retinal for both rod and cone photoreceptors. Also capable of catalyzing the isomerization of lutein to meso-zeaxanthin an eye- specific carotenoid. The soluble form binds vitamin A (all-tr [...] ",stringdb:9606.ENSP00000262340,stringdb,protein,RPE65,MSIQVEHPAGGYKKLFETVEELSSPLTAHVTGRIPLWLTGSLLRCGPGLFEVGSEPFYHLFDGQALLHKFDFKEGHVTYHRRFIRTDAYVRAMTEKRIVITEFGTCAFPDPCKNIFSRFFSYFRGVEVTDNALVNVYPVGEDYYACTETNFITKINPETLETIKQVDLCNYVSVNGATAHPHIENDGTVYNIGNCFGKNFSIAYNIVKIPPLQADKEDPISKSEIVVQFPCSDRFKPSYVHSFGLTPNYIVFVETPVKINLFKFLSSWSLWGANYMDCFESNETMGVWLHIADKKRKKYLNNKYRTSPFNLFHHINTYEDNGFLIVDLCCWKGFEFVYNYLYLANLRENWEEVKKNARKAPQPEVRRYVLPLNIDKADTGKNLVTLPNTTATAILCSDETIWLEPEVLFSGPRQAFEFPQINYQKYCGKPYTYAYGLGLNHFVPDRLCKLNVKTKETWVWQEPDSYPSEPIFVSHPDALEEDDGVVLSVVVSPGAGQKPAYLLILNAKDLSEVARAEVEINIPVTFHGLFKKS,Homo sapiens
190450,9606.ENSP00000398688,9606.ENSP00000398688,False,VW5B2_HUMAN,"rgb(239,131,117)",VWA5B2,,9606.ENSP00000398688,Von Willebrand factor A domain containing 5B2.,stringdb:9606.ENSP00000398688,stringdb,protein,VWA5B2,MPGLYCPSSWTPLPLTDSWVRACANGPCLSVRARLTYRNPQPQPVDGVFVYPLAEAEVVSGFEAEAAGRRVSFQLQSRRRSQAACCRALGPGLGTPTPRRCAQGHLVLDLAQARSTLVLPTGIIAAAGTMTVTLHSSRELPSRPDGVLHVALPTVLTPLAPPGPPGPPRPPGLCDDSPTSCFGVGSLQEEGLAWEELAAPRDVFSGPARCPAPYTFSFEMLVTGPCLLAGLESPSHALRADAPPHASSAATICVTLAEGHHCDRALEILLHPSEPHQPHLMLEGGSLSSAEYEARVRARRDFQRLQRRDSDGDRQVWFLQRRFHKDILLNPVLALSFCPDLSSKPGHLGTATRELLFLLDSSSVAHKDAIVLAVKSLPPQTLINLAVFGTLVQPLFPESRPCSDDAVQLICESIETLQVPSGPPDVLAALDWAVGQPQHRAYPRQLFLLTAASPMAATTHRTLELMRWHRGTARCFSFGLGPTCHQLLQGLSALSRGQAYFLRPGQRLQPMLVQALRKALEPALSDISVDWFVPDTVEALLTPREIPALYPGDQLLGYCSLFRVDGFRSRPPGGQEPGWQSSGGSVFPSPEEAPSAASPGTEPTGTSEPLGTGTVSAELSSPWAARDSEQSTDALTDPVTDPGPNPSDTAIWRRIFQSSYIREQYVLTHCSASPEPGPGSTGSSESPGSQGPGSPEGSAPLEPPSQQGCRSLAWGEPAGSRSCPLPAPTPAPFKVGALSTEVLGRQHRAALAGRSLSSPPGRANQVPGRPRKPSLGAILDGPSPEPGQQLGQGLDDSGNLLSPAPMDWDMLMEPPFLFTAVPPSGELAPPAVPPQAPRCHVVIRGLCGEQPMCWEVGVGLETLWGPGDGSQPPSPPVREAAWDQALHRLTAASVVRDNEQLALRGGAETTADRGHARRCWLRALQTSKVSSAPSCFTCPVAVDATTREVLPGALQVCSSEPAEPPGTPPASHSHLDAAPLPTVVYSKGLQRGSPAGAWDSDQNGNSKRALGDPATPTEGPRRPPPRPPCRLSMGRRHKLCSPDPGQANNSEGSDHDYLPLVRLQEAPGSFRLDAPFCAAVRISQERLCRASPFAVHRASLSPTSASLPWALLGPGVGQGDSATASCSPSPSSGSEGPGQVDSGRGSDTEASEGAEGLGGTDLRGRTWATAVALAWLEHRCAAAFDEWELTAAKADCWLRAQHLPDGLDLAALKAAARGLFLLLRHWDQNLQLHLLCYSPANV,Homo sapiens
190195,9606.ENSP00000430024,9606.ENSP00000430024,False,PCDG7_HUMAN,"rgb(117,161,239)",PCDHGA7,,9606.ENSP00000430024,Protocadherin gamma-A7; Potential calcium-dependent cell-adhesion protein. May be involved in the establishment and maintenance of specific neuronal connections in the brain.,stringdb:9606.ENSP00000430024,stringdb,protein,PCDHGA7,MAAQPRGGDYRGFFLLSILLGTPWEAWAGRILYSVSEETDKGSFVGDIAKDLGLEPRELAERGVRIISRGRTQLFALNQRSGSLVTAGRIDREEICAQSARCLVNFNILMEDKMNLYPIDVEIIDINDNVPRFLTEEINVKIMENTAPGVRFPLSEAGDPDVGTNSLQSYQLSPNRHFSLAVQSGDDETKYPELVLERVLDREEERVHHLVLTASDGGDPPRSSTAHIQVTVVDVNDHTPVFSLPQYQVTVPENVPVGTRLLTVHAIDLDEGVNGEVTYSFRKITPKLPKMFHLNSLTGEISTLEGLDYEETAFYEMEVQAQDGPGSLTKAKVLITVLDVNDNAPEVTMTSLSSSIPEDTPLGTVIALFYLQDRDSGKNGEVTCTIPENLPFKLEKSIDNYYRLVTTKNLDRETLSLYNITLKATDGGTPPLSRETHIFMQVADTNDNPPTFPHSSYSVYIAENNPRGASIFLVTAQDHDSEDNAQITYSLAEDTIQGAPVSSYVSINSDTGVLYALQSFDYEQLRELQLRVTAHDSGDPPLSSNMSLSLFVLDQNDNPPEILYPALPTDGSTGMELAPRSAEPGYLVTKVVAVDKDSGQNAWLSYLLLKASEPGLFAVGLYTGEVRTARALLDRDALKQSLVVAVQDHGQPPLSATVTLTVAVADSIPEVLADLGSLEPSDGPYNYDLTLYLVVAVATVSCVFLAFVLVLLALRLRRWHKSRLLQASEGGLANVPTSHFVGMDGVQAFLQTYSHEVSLTADSRKSHLIFPQPNYVDMLISQESCEKNDSLLTSVDFQECKENLPSIQQAPPNTDWRFSQAQRPGTSGSQNGDDTGTWPNNQFDTEMLQAMILASASEAADGSSTLGGGAGTMGLSARYGPQFTLQHVPDYRQNVYIPGSNATLTNAAGKRDGKAPAGGNGNKKKSGKKEKK,Homo sapiens
190453,9606.ENSP00000262304,9606.ENSP00000262304,False,PKD1_HUMAN,"rgb(117,183,239)",PKD1,,9606.ENSP00000262304,"Polycystin-1; Component of a heteromeric calcium-permeable ion channel formed by PKD1 and PKD2 that is activated by interaction between PKD1 and a Wnt family member, such as WNT3A and WNT9B. Both PKD1 and PKD2 are required for channel activity. Involved in renal tubulogenesis. Involved in fluid- flow mechanosensation by the primary cilium in renal epithelium (By similarity). Acts as a regulator of cilium length, together with PKD2 (By similarity). The dynamic control of cilium length is essential in the regulation of mechanotransductive signaling (By similarity). The cilium length resp [...] ",stringdb:9606.ENSP00000262304,stringdb,protein,PKD1,MPPAAPARLALALGLGLWLGALAGGPGRGCGPCEPPCLCGPAPGAACRVNCSGRGLRTLGPALRIPADATALDVSHNLLRALDVGLLANLSALAELDISNNKISTLEEGIFANLFNLSEINLSGNPFECDCGLAWLPRWAEEQQVRVVQPEAATCAGPGSLAGQPLLGIPLLDSGCGEEYVACLPDNSSGTVAAVSFSAAHEGLLQPEACSAFCFSTGQGLAALSEQGWCLCGAAQPSSASFACLSLCSGPPPPPAPTCRGPTLLQHVFPASPGATLVGPHGPLASGQLAAFHIAAPLPVTATRWDFGDGSAEVDAAGPAASHRYVLPGRYHVTAVLALGAGSALLGTDVQVEAAPAALELVCPSSVQSDESLDLSIQNRGGSGLEAAYSIVALGEEPARAVHPLCPSDTEIFPGNGHCYRLVVEKAAWLQAQEQCQAWAGAALAMVDSPAVQRFLVSRVTRSLDVWIGFSTVQGVEVGPAPQGEAFSLESCQNWLPGEPHPATAEHCVRLGPTGWCNTDLCSAPHSYVCELQPGGPVQDAENLLVGAPSGDLQGPLTPLAQQDGLSAPHEPVEVMVFPGLRLSREAFLTTAEFGTQELRRPAQLRLQVYRLLSTAGTPENGSEPESRSPDNRTQLAPACMPGGRWCPGANICLPLDASCHPQACANGCTSGPGLPGAPYALWREFLFSVPAGPPAQYSVTLHGQDVLMLPGDLVGLQHDAGPGALLHCSPAPGHPGPRAPYLSANASSWLPHLPAQLEGTWACPACALRLLAATEQLTVLLGLRPNPGLRLPGRYEVRAEVGNGVSRHNLSCSFDVVSPVAGLRVIYPAPRDGRLYVPTNGSALVLQVDSGANATATARWPGGSVSARFENVCPALVATFVPGCPWETNDTLFSVVALPWLSEGEHVVDVVVENSASRANLSLRVTAEEPICGLRATPSPEARVLQGVLVRYSPVVEAGSDMVFRWTINDKQSLTFQNVVFNVIYQSAAVFKLSLTASNHVSNVTVNYNVTVERMNRMQGLQVSTVPAVLSPNATLALTAGVLVDSAVEVAFLWTFGDGEQALHQFQPPYNESFPVPDPSVAQVLVEHNVMHTYAAPGEYLLTVLASNAFENLTQQVPVSVRASLPSVAVGVSDGVLVAGRPVTFYPHPLPSPGGVLYTWDFGDGSPVLTQSQPAANHTYASRGTYHVRLEVNNTVSGAAAQADVRVFEELRGLSVDMSLAVEQGAPVVVSAAVQTGDNITWTFDMGDGTVLSGPEATVEHVYLRAQNCTVTVGAASPAGHLARSLHVLVFVLEVLRVEPAACIPTQPDARLTAYVTGNPAHYLFDWTFGDGSSNTTVRGCPTVTHNFTRSGTFPLALVLSSRVNRAHYFTSICVEPEVGNVTLQPERQFVQLGDEAWLVACAWPPFPYRYTWDFGTEEAAPTRARGPEVTFIYRDPGSYLVTVTASNNISAANDSALVEVQEPVLVTSIKVNGSLGLELQQPYLFSAVGRGRPASYLWDLGDGGWLEGPEVTHAYNSTGDFTVRVAGWNEVSRSEAWLNVTVKRRVRGLVVNASRTVVPLNGSVSFSTSLEAGSDVRYSWVLCDRCTPIPGGPTISYTFRSVGTFNIIVTAENEVGSAQDSIFVYVLQLIEGLQVVGGGRYFPTNHTVQLQAVVRDGTNVSYSWTAWRDRGPALAGSGKGFSLTVLEAGTYHVQLRATNMLGSAWADCTMDFVEPVGWLMVAASPNPAAVNTSVTLSAELAGGSGVVYTWSLEEGLSWETSEPFTTHSFPTPGLHLVTMTAGNPLGSANATVEVDVQVPVSGLSIRASEPGGSFVAAGSSVPFWGQLATGTNVSWCWAVPGGSSKRGPHVTMVFPDAGTFSIRLNASNAVSWVSATYNLTAEEPIVGLVLWASSKVVAPGQLVHFQILLAAGSAVTFRLQVGGANPEVLPGPRFSHSFPRVGDHVVSVRGKNHVSWAQAQVRIVVLEAVSGLQVPNCCEPGIATGTERNFTARVQRGSRVAYAWYFSLQKVQGDSLVILSGRDVTYTPVAAGLLEIQVRAFNALGSENRTLVLEVQDAVQYVALQSGPCFTNRSAQFEAATSPSPRRVAYHWDFGDGSPGQDTDEPRAEHSYLRPGDYRVQVNASNLVSFFVAQATVTVQVLACREPEVDVVLPLQVLMRRSQRNYLEAHVDLRDCVTYQTEYRWEVYRTASCQRPGRPARVALPGVDVSRPRLVLPRLALPVGHYCFVFVVSFGDTPLTQSIQANVTVAPERLVPIIEGGSYRVWSDTRDLVLDGSESYDPNLEDGDQTPLSFHWACVASTQREAGGCALNFGPRGSSTVTIPRERLAAGVEYTFSLTVWKAGRKEEATNQTVLIRSGRVPIVSLECVSCKAQAVYEVSRSSYVYLEGRCLNCSSGSKRGRWAARTFSNKTLVLDETTTSTGSAGMRLVLRRGVLRDGEGYTFTLTVLGRSGEEEGCASIRLSPNRPPLGGSCRLFPLGAVHALTTKVHFECTGWHDAEDAGAPLVYALLLRRCRQGHCEEFCVYKGSLSSYGAVLPPGFRPHFEVGLAVVVQDQLGAAVVALNRSLAITLPEPNGSATGLTVWLHGLTASVLPGLLRQADPQHVIEYSLALVTVLNEYERALDVAAEPKHERQHRAQIRKNITETLVSLRVHTVDDIQQIAAALAQCMGPSRELVCRSCLKQTLHKLEAMMLILQAETTAGTVTPTAIGDSILNITGDLIHLASSDVRAPQPSELGAESPSRMVASQAYNLTSALMRILMRSRVLNEEPLTLAGEEIVAQGKRSDPRSLLCYGGAPGPGCHFSIPEAFSGALANLSDVVQLIFLVDSNPFPFGYISNYTVSTKVASMAFQTQAGAQIPIERLASERAITVKVPNNSDWAARGHRSSANSANSVVVQPQASVGAVVTLDSSNPAAGLHLQLNYTLLDGHYLSEEPEPYLAVYLHSEPRPNEHNCSASRRIRPESLQGADHRPYTFFISPGSRDPAGSYHLNLSSHFRWSALQVSVGLYTSLCQYFSEEDMVWRTEGLLPLEETSPRQAVCLTRHLTAFGASLFVPPSHVRFVFPEPTADVNYIVMLTCAVCLVTYMVMAAILHKLDQLDASRGRAIPFCGQRGRFKYEILVKTGWGRGSGTTAHVGIMLYGVDSRSGHRHLDGDRAFHRNSLDIFRIATPHSLGSVWKIRVWHDNKGLSPAWFLQHVIVRDLQTARSAFFLVNDWLSVETEANGGLVEKEVLAASDAALLRFRRLLVAELQRGFFDKHIWLSIWDRPPRSRFTRIQRATCCVLLICLFLGANAVWYGAVGDSAYSTGHVSRLSPLSVDTVAVGLVSSVVVYPVYLAILFLFRMSRSKVAGSPSPTPAGQQVLDIDSCLDSSVLDSSFLTFSGLHAEQAFVGQMKSDLFLDDSKSLVCWPSGEGTLSWPDLLSDPSIVGSNLRQLARGQAGHGLGPEEDGFSLASPYSPAKSFSASDEDLIQQVLAEGVSSPAPTQDTHMETDLLSSLSSTPGEKTETLALQRLGELGPPSPGLNWEQPQAARLSRTGLVEGLRKRLLPAWCASLAHGLSLLLVAVAVAVSGWVGASFPPGVSVAWLLSSSASFLASFLGWEPLKVLLEALYFSLVAKRLHPDEDDTLVESPAVTPVSARVPRVRPPHGFALFLAKEEARKVKRLHGMLRSLLVYMLFLLVTLLASYGDASCHGHAYRLQSAIKQELHSRAFLAITRSEELWPWMAHVLLPYVHGNQSSPELGPPRLRQVRLQEALYPDPPGPRVHTCSAAGGFSTSDYDVGWESPHNGSGTWAYSAPDLLGAWSWGSCAVYDSGGYVQELGLSLEESRDRLRFLQLHNWLDNRSRAVFLELTRYSPAVGLHAAVTLRLEFPAAGRALAALSVRPFALRRLSAGLSLPLLTSVCLLLFAVHFAVAEARTWHREGRWRVLRLGAWARWLLVALTAATALVRLAQLGAADRQWTRFVRGRPRRFTSFDQVAQLSSAARGLAASLLFLLLVKAAQQLRFVRQWSVFGKTLCRALPELLGVTLGLVVLGVAYAQLAILLVSSCVDSLWSVAQALLVLCPGTGLSTLCPAESWHLSPLLCVGLWALRLWGALRLGAVILRWRYHALRGELYRPAWEPQDYEMVELFLRRLRLWMGLSKVKEFRHKVRFEGMEPLPSRSSRGSKVSPDVPPPSAGSDASHPSTSSSQLDGLSVSLGRLGTRCEPEPSRLQAVFEALLTQFDRLNQATEDVYQLEQQLHSLQGRRSSRAPAGSSRGPSPGLRPALPSRLARASRGVDLATGPSRTPLRAKNKVHPSST,Homo sapiens
189691,9606.ENSP00000363827,9606.ENSP00000363827,False,PGBM_HUMAN,,HSPG2,,9606.ENSP00000363827,"Basement membrane-specific heparan sulfate proteoglycan core protein; Integral component of basement membranes. Component of the glomerular basement membrane (GBM), responsible for the fixed negative electrostatic membrane charge, and which provides a barrier which is both size- and charge-selective. It serves as an attachment substrate for cells. Plays essential roles in vascularization. Critical for normal heart development and for regulating the vascular response to injury. Also required for avascular cartilage development. The LG3 peptide has anti-angiogenic properties that require [...] ",stringdb:9606.ENSP00000363827,stringdb,protein,,MGWRAAGALLLALLLHGRLLAVTHGLRAYDGLSLPEDIETVTASQMRWTHSYLSDDEDMLADSISGDDLGSGDLGSGDFQMVYFRALVNFTRSIEYSPQLEDAGSREFREVSEAVVDTLESEYLKIPGDQVVSVVFIKELDGWVFVELDVGSEGNADGAQIQEMLLRVISSGSVASYVTSPQGFQFRRLGTVPQFPRACTEAEFACHSYNECVALEYRCDRRPDCRDMSDELNCEEPVLGISPTFSLLVETTSLPPRPETTIMRQPPVTHAPQPLLPGSVRPLPCGPQEAACRNGHCIPRDYLCDGQEDCEDGSDELDCGPPPPCEPNEFPCGNGHCALKLWRCDGDFDCEDRTDEANCPTKRPEEVCGPTQFRCVSTNMCIPASFHCDEESDCPDRSDEFGCMPPQVVTPPRESIQASRGQTVTFTCVAIGVPTPIINWRLNWGHIPSHPRVTVTSEGGRGTLIIRDVKESDQGAYTCEAMNARGMVFGIPDGVLELVPQRGPCPDGHFYLEHSAACLPCFCFGITSVCQSTRRFRDQIRLRFDQPDDFKGVNVTMPAQPGTPPLSSTQLQIDPSLHEFQLVDLSRRFLVHDSFWALPEQFLGNKVDSYGGSLRYNVRYELARGMLEPVQRPDVVLMGAGYRLLSRGHTPTQPGALNQRQVQFSEEHWVHESGRPVQRAELLQVLQSLEAVLIQTVYNTKMASVGLSDIAMDTTVTHATSHGRAHSVEECRCPIGYSGLSCESCDAHFTRVPGGPYLGTCSGCNCNGHASSCDPVYGHCLNCQHNTEGPQCNKCKAGFFGDAMKATATSCRPCPCPYIDASRRFSDTCFLDTDGQATCDACAPGYTGRRCESCAPGYEGNPIQPGGKCRPVNQEIVRCDERGSMGTSGEACRCKNNVVGRLCNECADGSFHLSTRNPDGCLKCFCMGVSRHCTSSSWSRAQLHGASEEPGHFSLTNAASTHTTNEGIFSPTPGELGFSSFHRLLSGPYFWSLPSRFLGDKVTSYGGELRFTVTQRSQPGSTPLHGQPLVVLQGNNIILEHHVAQEPSPGQPSTFIVPFREQAWQRPDGQPATREHLLMALAGIDTLLIRASYAQQPAESRVSGISMDVAVPEETGQDPALEVEQCSCPPGYRGPSCQDCDTGYTRTPSGLYLGTCERCSCHGHSEACEPETGACQGCQHHTEGPRCEQCQPGYYGDAQRGTPQDCQLCPCYGDPAAGQAAHTCFLDTDGHPTCDACSPGHSGRHCERCAPGYYGNPSQGQPCQRDSQVPGPIGCNCDPQGSVSSQCDAAGQCQCKAQVEGLTCSHCRPHHFHLSASNPDGCLPCFCMGITQQCASSAYTRHLISTHFAPGDFQGFALVNPQRNSRLTGEFTVEPVPEGAQLSFGNFAQLGHESFYWQLPETYQGDKVAAYGGKLRYTLSYTAGPQGSPLSDPDVQITGNNIMLVASQPALQGPERRSYEIMFREEFWRRPDGQPATREHLLMALADLDELLIRATFSSVPLAASISAVSLEVAQPGPSNRPRALEVEECRCPPGYIGLSCQDCAPGYTRTGSGLYLGHCELCECNGHSDLCHPETGACSQCQHNAAGEFCELCAPGYYGDATAGTPEDCQPCACPLTNPENMFSRTCESLGAGGYRCTACEPGYTGQYCEQCGPGYVGNPSVQGGQCLPETNQAPLVVEVHPARSIVPQGGSHSLRCQVSGSPPHYFYWSREDGRPVPSGTQQRHQGSELHFPSVQPSDAGVYICTCRNLHQSNTSRAELLVTEAPSKPITVTVEEQRSQSVRPGADVTFICTAKSKSPAYTLVWTRLHNGKLPTRAMDFNGILTIRNVQLSDAGTYVCTGSNMFAMDQGTATLHVQASGTLSAPVVSIHPPQLTVQPGQLAEFRCSATGSPTPTLEWTGGPGGQLPAKAQIHGGILRLPAVEPTDQAQYLCRAHSSAGQQVARAVLHVHGGGGPRVQVSPERTQVHAGRTVRLYCRAAGVPSATITWRKEGGSLPPQARSERTDIATLLIPAITTADAGFYLCVATSPAGTAQARIQVVVLSASDASPPPVKIESSSPSVTEGQTLDLNCVVAGSAHAQVTWYRRGGSLPPHTQVHGSRLRLPQVSPADSGEYVCRVENGSGPKEASITVSVLHGTHSGPSYTPVPGSTRPIRIEPSSSHVAEGQTLDLNCVVPGQAHAQVTWHKRGGSLPARHQTHGSLLRLHQVTPADSGEYVCHVVGTSGPLEASVLVTIEASVIPGPIPPVRIESSSSTVAEGQTLDLSCVVAGQAHAQVTWYKRGGSLPARHQVRGSRLYIFQASPADAGQYVCRASNGMEASITVTVTGTQGANLAYPAGSTQPIRIEPSSSQVAEGQTLDLNCVVPGQSHAQVTWHKRGGSLPVRHQTHGSLLRLYQASPADSGEYVCRVLGSSVPLEASVLVTIEPAGSVPALGVTPTVRIESSSSQVAEGQTLDLNCLVAGQAHAQVTWHKRGGSLPARHQVHGSRLRLLQVTPADSGEYVCRVVGSSGTQEASVLVTIQQRLSGSHSQGVAYPVRIESSSASLANGHTLDLNCLVASQAPHTITWYKRGGSLPSRHQIVGSRLRIPQVTPADSGEYVCHVSNGAGSRETSLIVTIQGSGSSHVPSVSPPIRIESSSPTVVEGQTLDLNCVVARQPQAIITWYKRGGSLPSRHQTHGSHLRLHQMSVADSGEYVCRANNNIDALEASIVISVSPSAGSPSAPGSSMPIRIESSSSHVAEGETLDLNCVVPGQAHAQVTWHKRGGSLPSHHQTRGSRLRLHHVSPADSGEYVCRVMGSSGPLEASVLVTIEASGSSAVHVPAPGGAPPIRIEPSSSRVAEGQTLDLKCVVPGQAHAQVTWHKRGGNLPARHQVHGPLLRLNQVSPADSGEYSCQVTGSSGTLEASVLVTIEPSSPGPIPAPGLAQPIYIEASSSHVTEGQTLDLNCVVPGQAHAQVTWYKRGGSLPARHQTHGSQLRLHLVSPADSGEYVCRAASGPGPEQEASFTVTVPPSEGSSYRLRSPVISIDPPSSTVQQGQDASFKCLIHDGAAPISLEWKTRNQELEDNVHISPNGSIITIVGTRPSNHGTYRCVASNAYGVAQSVVNLSVHGPPTVSVLPEGPVWVKVGKAVTLECVSAGEPRSSARWTRISSTPAKLEQRTYGLMDSHAVLQISSAKPSDAGTYVCLAQNALGTAQKQVEVIVDTGAMAPGAPQVQAEEAELTVEAGHTATLRCSATGSPAPTIHWSKLRSPLPWQHRLEGDTLIIPRVAQQDSGQYICNATSPAGHAEATIILHVESPPYATTVPEHASVQAGETVQLQCLAHGTPPLTFQWSRVGSSLPGRATARNELLHFERAAPEDSGRYRCRVTNKVGSAEAFAQLLVQGPPGSLPATSIPAGSTPTVQVTPQLETKSIGASVEFHCAVPSDRGTQLRWFKEGGQLPPGHSVQDGVLRIQNLDQSCQGTYICQAHGPWGKAQASAQLVIQALPSVLINIRTSVQTVVVGHAVEFECLALGDPKPQVTWSKVGGHLRPGIVQSGGVVRIAHVELADAGQYRCTATNAAGTTQSHVLLLVQALPQISMPQEVRVPAGSAAVFPCIASGYPTPDISWSKLDGSLPPDSRLENNMLMLPSVRPQDAGTYVCTATNRQGKVKAFAHLQVPERVVPYFTQTPYSFLPLPTIKDAYRKFEIKITFRPDSADGMLLYNGQKRVPGSPTNLANRQPDFISFGLVGGRPEFRFDAGSGMATIRHPTPLALGHFHTVTLLRSLTQGSLIVGDLAPVNGTSQGKFQGLDLNEELYLGGYPDYGAIPKAGLSSGFIGCVRELRIQGEEIVFHDLNLTAHGISHCPTCRDRPCQNGGQCHDSESSSYVCVCPAGFTGSRCEHSQALHCHPEACGPDATCVNRPDGRGYTCRCHLGRSGLRCEEGVTVTTPSLSGAGSYLALPALTNTHHELRLDVEFKPLAPDGVLLFSGGKSGPVEDFVSLAMVGGHLEFRYELGSGLAVLRSAEPLALGRWHRVSAERLNKDGSLRVNGGRPVLRSSPGKSQGLNLHTLLYLGGVEPSVPLSPATNMSAHFRGCVGEVSVNGKRLDLTYSFLGSQGIGQCYDSSPCERQPCQHGATCMPAGEYEFQCLCRDGFKGDLCEHEENPCQLREPCLHGGTCQGTRCLCLPGFSGPRCQQGSGHGIAESDWHLEGSGGNDAPGQYGAYFHDDGFLAFPGHVFSRSLPEVPETIELEVRTSTASGLLLWQGVEVGEAGQGKDFISLGLQDGHLVFRYQLGSGEARLVSEDPINDGEWHRVTALREGRRGSIQVDGEELVSGRSPGPNVAVNAKGSVYIGGAPDVATLTGGRFSSGITGCVKNLVLHSARPGAPPPQPLDLQHRAQAGANTRPCPS,Homo sapiens
190459,9606.ENSP00000386419,9606.ENSP00000386419,False,B8ZZ87_HUMAN,"rgb(227,239,117)",MZT2B,,9606.ENSP00000386419,Mitotic spindle organizing protein 2B.,stringdb:9606.ENSP00000386419,stringdb,protein,MZT2B,MAAQGVGPGPGSAAPPGLEAARQKLALRRKKVLSTEEMELYELAQAAGGAIDPDVFKILVDLLKLNVAPLAVFQMLKSMCAGQRLASEPQDPAAVSLPTSSVPETREASFLSARNSSPPARPSFSSSPQPAASPVLLHSPAATHSPLSPGPPGSLRLSCCLFSPFAGRNKGSAALGGALALAERSSREGSSQRMPRQPSATRLPKGGGPGKSPTRGST,Homo sapiens
189688,9606.ENSP00000237014,9606.ENSP00000237014,False,TTHY_HUMAN,"rgb(117,117,239)",TTR,,9606.ENSP00000237014,Transthyretin; Thyroid hormone-binding protein. Probably transports thyroxine from the bloodstream to the brain.,stringdb:9606.ENSP00000237014,stringdb,protein,TTR,MASHRLLLLCLAGLVFVSEAGPTGTGESKCPLMVKVLDAVRGSPAINVAVHVFRKAADDTWEPFASGKTSESGELHGLTTEEEFVEGIYKVEIDTKSYWKALGISPFHEHAEVVFTANDSGPRRYTIAALLSPYSYSTTAVVTNPKE,Homo sapiens
190456,9606.ENSP00000414055,9606.ENSP00000414055,False,NRBP2_HUMAN,"rgb(117,239,142)",NRBP2,,9606.ENSP00000414055,Nuclear receptor-binding protein 2; May regulate apoptosis of neural progenitor cells during their differentiation.,stringdb:9606.ENSP00000414055,stringdb,protein,NRBP2,MAAPEPAPRRAREREREREDESEDESDILEESPCGRWQKRREQVNQGNMPGLQSTFLAMDTEEGVEVVWNELHFGDRKAFAAHEEKIQTVFEQLVLVDHPNIVKLHKYWLDTSEACARVIFITEYVSSGSLKQFLKKTKKNHKAMNARAWKRWCTQILSALSFLHACSPPIIHGNLTSDTIFIQHNGLIKIGSVWHRIFSNALPDDLRSPIRAEREELRNLHFFPPEYGEVADGTAVDIFSFGMCALEMAVLEIQTNGDTRVTEEAIARARHSLSDPNMREFILCCLARDPARRPSAHSLLFHRVLFEVHSLKLLAAHCFIQHQYLMPENVVEEKTKAMDLHAVLAELPRPRRPPLQWRYSEVSFMELDKFLEDVRNGIYPLMNFAATRPLGLPRVLAPPPEEVQKAKTPTPEPFDSETRKVIQMQCNLERSEDKARWHLTLLLVLEDRLHRQLTYDLLPTDSAQDLASELVHYGFLHEDDRMKLAAFLESTFLKYRGTQA,Homo sapiens
190462,9606.ENSP00000383145,9606.ENSP00000383145,False,SFI1_HUMAN,"rgb(208,239,117)",SFI1,,9606.ENSP00000383145,Protein SFI1 homolog; Plays a role in the dynamic structure of centrosome- associated contractile fibers via its interaction with CETN2. Belongs to the SFI1 family.,stringdb:9606.ENSP00000383145,stringdb,protein,SFI1,MKNLLTEKCISSHNFHQKVIKQRMEKKVDSRYFKDGAVKKPYSAKTLSNKKSSASFGIRRELPSTSHLVQYRGTHTCTRQGRLRELRIRCVARKFLYLWIRMTFGRVFPSKARFYYEQRLLRKVFEEWKEEWWVFQHEWKLCVRADCHYRYYLYNLMFQTWKTYVRQQQEMRNKYIRAEVHDAKQKMRQAWKSWLIYVVVRRTKLQMQTTALEFRQRIILRVWWSTWRQRLGQVRVSRALHASALKHRALSLQVQAWSQWREQLLYVQKEKQKVVSAVKHHQHWQKRRFLKAWLEYLQVRRVKRQQNEMAERFHHVTVLQIYFCDWQQAWERRESLYAHHAQVEKLARKMALRRAFTHWKHYMLLCAEEAAQFEMAEEHHRHSQLYFCFRALKDNVTHAHLQQIRRNLAHQQHGVTLLHRFWNLWRSQIEQKKERELLPLLHAAWDHYRIALLCKCIELWLQYTQKRRYKQLLQARADGHFQQRALPAAFHTWNRLWRWRHQENVLSARATRFHRETLEKQVFSLWRQKMFQHRENRLAERMAILHAERQLLYRSWFMWHQQAAARHQEQEWQTVACAHHRHGRLKKAFCLWRESAQGLRTERTGRVRAAEFHMAQLLRWAWSQWRECLALRGAERQKLMRADLHHQHSVLHRALQAWVTYQGRVRSILREVAARESQHNRQLLRGALRRWKENTMARVDEAKKTFQASTHYRRTICSKVLVQWREAVSVQMYYRQQEDCAIWEAQKVLDRGCLRTWFQRWWDCSRRSAQQRLQLERAVQHHHRQLLLEGLARWKTHHLQCVRKRLLHRQSTQLLAQRLSRTCFRQWRQQLAARRQEQRATVRALWFWAFSLQAKVWATWLAFVLERRRKKARLQWALQAYQGQLLQEGATRLLRFAASMKASRQQLQAQQQVQAAHSLHRAVRRCATLWKQKVLGRGGKPQPLAAIAPSRKVTFEGPLLNRIAAGAGDGTLETKRPQASRPLGALGRLAAEEPHALELNTAHSARKQPRRPHFLLEPAQSQRPQKPQEHGLGMAQPAAPSLTRPFLAEAPTALVPHSPLPGALSSAPGPKQPPTASTGPELLLLPLSSFMPCGAAAPARVSAQRATPRDKPPVPSSLASVPDPHLLLPGDFSATRAGPGLSTAGSLDLEAELEEIQQQLLHYQTTKQNLWSCRRQASSLRRWLELNREEPGPEDQEVEQQVQKELEQVEMQIQLLAEELQAQRQPIGACVARIQALRQALC,Homo sapiens
190204,9606.ENSP00000430269,9606.ENSP00000430269,False,HYES_HUMAN,"rgb(117,239,226)",EPHX2,,9606.ENSP00000430269,"Bifunctional epoxide hydrolase 2; Bifunctional enzyme. The C-terminal domain has epoxide hydrolase activity and acts on epoxides (alkene oxides, oxiranes) and arene oxides. Plays a role in xenobiotic metabolism by degrading potentially toxic epoxides (By similarity). Also determines steady- state levels of physiological mediators. The N-terminal domain has lipid phosphatase activity, with the highest activity towards threo-9,10- phosphonooxy-hydroxy-octadecanoic acid, followed by erythro-9,10- phosphonooxy-hydroxy-octadecanoic acid, 12-phosphonooxy-octadec-9Z- enoic acid and 12-phospho [...] ",stringdb:9606.ENSP00000430269,stringdb,protein,EPHX2,MTLRAAVFDLDGVLALPAVFGVLGRTEEALALPRGLLNDAFQKGGPEGATTRLMKGEITLSQWIPLMEENCRKCSETAKVCLPKNFSIKEIFDKAISARKINRPMLQAALMLRKKGFTTAILTNTWLDDRAERDGLAQLMCELKMHFDFLIESCQVGMVKPEPQIYKFLLDTLKASPSEVVFLDDIGANLKPARDLGMVTILVQDTDTALKELEKVTGIQLLNTPAPLPTSCNPSDMSHGYVTVKPRVRLHFVELGSGPAVCLCHGFPESWYSWRYQIPALAQAGYRVLAMDMKGYGESSAPPEIEEYCMEVLCKEMVTFLDKLGLSQAVFIGHDWGGMLVWYMALFYPERVRAVASLNTPFIPANPNMSPLESIKANPVFDYQLYFQEPGVAEAELEQNLSRTFKSLFRASDESVLSMHKVCEAGGLFVNSPEEPSLSRMVTEEEIQFYVQQFKKSGFRGPLNWYRNMERNWKWACKSLGRKILIPALMVTAEKDFVLVPQMSQHMEDWIPHLKRGHIEDCGHWTQMDKPTEVNQILIKWLDSDARNPPVVSKM,Homo sapiens
